Title	Text	Grade	Level
ဒသမ တန်း မြန်မာ စာ ကျောင်း သုံး စာအုပ် မိတ်ဆက်	မြန်မာ စာ အခြေခံ ခိုင်မာ ပြီး ကျွမ်းကျင် စွာ တတ် မြောက် အသုံးပြု နိုင် ရန် ဦးတည်ချက် ထား ရှိ ပြီး အခြေခံ ပညာ အထက်တန်း မြန်မာ စာ သင်ရိုး ကို ပြင်ဆင် ရေးဆွဲ ခဲ့ ပါ သည် ။ ထို သို့ ရေးဆွဲ ရာ တွင် လက်တွေ့ ဘဝ တွင် ပိုမို အကျိုး ဖြစ်ထွန်း စေ မည့် ဘာသာ စကား စွမ်းရည် လေး ရပ် ဖြစ် သည့် အပြော စွမ်းရည် ၊ အနာအကြား စွမ်းရည် ၊ အဖတ်အရွတ် စွမ်းရည် ၊ အရေးအသား စွမ်းရည် တိုးတက် လာ စေ ရေး ကို မဏ္ဍိုင် ပြု ၍ ရေးဆွဲ ထား ပါ သည် ။ ကျောင်း သုံး စာအုပ် ကို အသုံးပြု ရာ တွင် မြန်မာ စာ မြန်မာ ဘာသာ စကား ဆိုင်ရာ အသိပညာ များ ၊ ကျွမ်းကျင် မှု များ ဖွံ့ဖြိုး လာ စေ ရန် အတွက် ဆရာ ၏ လမ်းညွှန် မှု ဖြင့် တစ် ဦး ချင်း လေ့ကျင့် ခြင်း ၊ အဖွဲ့ လိုက် လုပ်ငန်း များ လုပ်ဆောင် ခြင်း တို့ ဖြင့် သင်ယူ မည် ။ မြန်မာ စာ မြန်မာ ဘာသာ စကား ကို လေ့လာ သင်ယူ ရာ တွင် ဖြစ်စေ ၊ လက်တွေ့ အသုံးချ ရာ တွင် ဖြစ်စေ ကြုံတွေ့ ရ သည့် အခက်အခဲ များ ၊ ပြဿနာ များ ကို လည်း ဖြေရှင်း တတ် စေ ရန် ၊ စဉ်းစား တွေး ခေါ် ဖန်တီး တတ် စေ ရန် လေ့ကျင့် သင်ယူ မည် ။ အချို့ စာသင် ချိန် များ တွင် တစ် ဦး ချင်း ဖြစ်စေ ၊ အဖွဲ့ လိုက် ဖြစ်စေ လက်တွေ့ လုပ်ဆောင် မှု များ ဖြင့် လေ့လာ သင်ယူ ကြ မည် ဖြစ် သည် ။	G10	Upper Secondary
သင်ယူ ရ မည့် အကြောင်းအရာ	ဤ ဒသမ တန်း မြန်မာ စာ ကျောင်း သုံး စာအုပ် တွင် အောက် ပါ အကြောင်းအရာ များ ပါ ဝင် သည် ။ အပိုင်း - ၁ အခန်း အပြော သင်ခန်းစာ ၁ ။ အပြော ဆိုင်ရာ လမ်းညွှန် ချက် ၂ ။ အပြော ပုံစံ အမျိုးမျိုး အပိုင်း - ၂ အဖတ်အရွတ် သင်ခန်းစာ ၁ ။ စကားပြေ ရွေးချယ် ချက် ၂ ။ ကဗျာ ရွေးချယ် ချက် အပိုင်း - ၃ အရေး သင်ခန်းစာ ၁ ။ စာ အရေးအသား အခြေခံ ၂ ။ စာ ပုံစံ အမျိုးမျိုး ၃ ။ စာ အရေးအသား အတတ်ပညာ	G10	Upper Secondary
သင်ယူ ကြ ရ မည့် နည်းလမ်း များ	သင်ခန်းစာ အားလုံး တွင် တက်ကြွ စွာ ပါ ဝင် သင်ယူ နိုင် ရန် အထောက်အကူပြု မည့် အရေး ပါ သော ၂၁ ရာ စု ဘာသာ စကား ဆိုင်ရာ ကျွမ်းကျင် မှု အဖြစ် ဆရာ က လက်တွေ့ သင်ကြား လေ့ကျင့် ပေး မည် ။	G10	Upper Secondary
လေ့လာ မှု နယ်ပယ် များ	အပြော သင်ခန်းစာ ကို သင်ယူ ရာ တွင် စကား ပြော ခြင်း အကြောင်း ၊ တစ် ဦး တည်း ပြော စကား ၊ နှစ် ဦး အပြန်အလှန် ပြော စကား ၊ ဝိုင်းဖွဲ့ ပြော စကား ဟူသော စကား ပြော ပုံစံ သုံး မျိုး ၊ စကား ပြော ဆို ရာ တွင် အသံ ထွက် မှန်ကန် မှု ၊ စကား အသုံးအနှုန်း မှန်ကန် မှု ၊ စကား ပြော ချေငံ မှု ၊ စကား ပြော ပရိယာယ် များ ၊ ကျပန်း စကား ပြော ခြင်း ၊ စကားရည်လု ခြင်း တို့ ကို လက်တွေ့ ပြော ဆို လေ့ကျင့် သင်ယူ မည် ။	G10	Upper Secondary
လေ့လာ မှု နယ်ပယ် များ	အဖတ်အရွတ် သင်ခန်းစာ တွင် စကားပြေ ရွေးချယ်ချက် ကို လေ့လာ ရာ ၌ ရည်ရွယ်ချက် သို့မဟုတ် အာဘော် ၊ အကြောင်းအရာ ၊ အစီအစဉ် ၊ စာ ရေး နည်း လေး မျိုး ၊ သဒ္ဒါ လင်္ကာရ အတ္ထာ လင်္ကာရ ၊ ရသ နှင့် အသိအမြင် ဟူသော လေ့လာ မှု နယ်ပယ် ငါး ရပ် ကို လည်း ကောင်း ၊ ကဗျာ ရွေးချယ် ချက် ကို လေ့လာ ရာ ၌ ကဗျာ ရွတ်ဆို ခြင်း ၊ ကဗျာ နောက်ခံ ကို လေ့လာ ခြင်း ၊ ကဗျာ အရေး အဖွဲ့ ၊ သဒ္ဒါ လင်္ကာရ အတ္ထာ လင်္ကာရ ၊ ရသ နှင့် အသိအမြင် လေ့လာ ခြင်း ဟူသော လေ့လာ မှု နယ်ပယ် ငါး ရပ် ကို လည်းကောင်း လေ့လာ မည် ။	G10	Upper Secondary
လေ့လာ မှု နယ်ပယ် များ	အရေး သင်ခန်းစာ တွင် သဒ္ဒါ အသုံး မှန်ကန် ခြင်း ၊ စာလုံးပေါင်း သတ်ပုံ မှန်ကန် ခြင်း ၊ ဝါကျဖွဲ့ထုံး မှန်ကန် ခြင်း ၊ စာ ပုံစံ အမျိုးမျိုး ၊ စာ အရေးအသား အတတ်ပညာ များ ဖြစ် သည့် အလင်္ကာ နှင့် ရသ တို့ ကို လက်တွေ့ ရေးသား လေ့ကျင့် သင်ယူ မည် ။	G10	Upper Secondary
လေ့လာ မှု နည်း နာ ငါး ရပ်	ပူးပေါင်း ဆောင်ရွက် ခြင်း - သင်ခန်းစာ များ သင်ယူ ရာ တွင် ကျောင်းသား များ သည် အတန်းဖော် များ နှင့် အုပ်စု ဖွဲ့ ပြီး အတွေးအခေါ် များ မျှဝေ ခြင်း ၊ အဖြေ များ အတူ ရှာဖွေ ခြင်း တို့ ကို လုပ်ဆောင် မည် ။ သာဓက အားဖြင့် - အပြော သင်ခန်းစာ များ ပါ အပြန်အလှန် ပြော ဆို ခြင်း ၊ စကားဝိုင်း ဆွေးနွေး ခြင်း ၊ အဖတ်အရွတ် သင်ခန်းစာ ပါ စကားပြေ သို့မဟုတ် ကဗျာ တစ် ပိုဒ် ကို အုပ်စု ဖွဲ့ ဆွေးနွေး ခြင်း ၊ အသိအမြင် ဖလှယ် ခြင်း ၊ အရေး သင်ခန်းစာ တွင် စာ အရေးအသား ဆိုင်ရာ များ ဆွေးနွေး ခြင်း ၊ လက်တွေ့ ရေးသား ထား သည် ကို အပြန်အလှန် စစ်ဆေး အကြံပေး ခြင်း တို့ ကို ဆောင်ရွက် မည် ။	G10	Upper Secondary
လေ့လာ မှု နည်း နာ ငါး ရပ်	ဆက်သွယ် ပြော ဆို ခြင်း - ဤ မြန်မာ စာ ကျောင်း သုံး စာအုပ် သည် စကား နှင့် စာ ကို အသုံးချ ဆက်သွယ် ရေး ကိရိယာ အဖြစ် ထိထိရောက်ရောက် အသုံးပြု နိုင် ရန် ရည်မှန်း ထား သည် ဖြစ် ရာ သင်ခန်းစာ အားလုံး ကို ပြော ဆို ဆွေးနွေး ခြင်း ၊ ရွတ်ဖတ် ခြင်း ၊ ရွတ်ဆို ခြင်း ၊ နားထောင် ခြင်း ၊ ရေး သား ခြင်း စ သည့် ဆက်သွယ် မှု များ ကို ကိုယ် အမူအရာ များ မှန်ကန် စွာ ပေါင်းစပ် ဆက်သွယ် နိုင် သည့် ကျွမ်းကျင် မှု များ ဖွံ့ဖြိုး လာ မည် ။	G10	Upper Secondary
လေ့လာ မှု နည်း နာ ငါး ရပ်	လေးနက် စွာ ဆန်းစစ် ဝေဖန် ခြင်း နှင့် ပြဿနာ ဖြေရှင်း ခြင်း - ဖြေရှင်း ရန် ရှိ သည့် ဘာသာ စကား ဆိုင်ရာ ပြဿနာ များ ၊ စာ အရေးအသား ဆိုင်ရာ ပြဿနာ များ ကို အဖြေ ရှာ ခြင်း ၊ တင်ပြ ခြင်း ၊ အမှား ရှာဖွေ ခြင်း နှင့် ပြုပြင် ခြင်း တို့ ကို ပြုလုပ် ရ မည် ။	G10	Upper Secondary
လေ့လာ မှု နည်း နာ ငါး ရပ်	တီထွင် ဖန်တီး ခြင်း - ဘာသာ စကား နှင့် စာ အရေးအသား ကို အသုံးပြု ရာ တွင် သမားရိုးကျ ပြော ဆို ရေး သား သည့် အခြေအနေ မှ ကျော်လွန် ပြီး အတွေးအခေါ် များ ပေါင်းစပ် ကာ ပြော ဆို ရေး သား နိုင် သည့် စွမ်းရည် များ ၊ နည်းလမ်း သစ် များ ဖြင့် ဆက်သွယ် မှု ထိ ရောက် စေရန် ကျောင်းသား များ ကိုယ်တိုင် တီထွင် ဖန်တီး သည့် အလေ့အထ များ ရ ရှိ စေ မည် ။	G10	Upper Secondary
လေ့လာ မှု နည်း နာ ငါး ရပ်	နိုင်ငံ သား ကောင်း ဖြစ် ခြင်း - လူ့ အဖွဲ့အစည်း အတွင်း ၊ နိုင်ငံ တစ် နိုင်ငံ အတွင်း စွမ်းရည် ကို မှန်ကန် ထိ ရောက် စွာ အသုံးပြု နိုင် ခြင်း သည် နိုင်ငံ သား ကောင်း ဖြစ် စေရန် အရင်းခံ ကျ သော အချက် တစ် ရပ် ပင် ဖြစ် သည် ။ မိမိ မိသားစု အတွင်း ၊ ကျောင်း လူမှု အဖွဲ့အစည်း အတွင်း ၊ ရပ်ရွာ ဒေသ အဖွဲ့အစည်း အတွင်း ၊ နိုင်ငံ လူ့ အဖွဲ့အစည်း အတွင်း ချစ်ကြည် ရင်းနှီး ရန် ၊ အပြန်အလှန် နားလည် မှု ရှိ ရန် ၊ အသိပညာ ဗဟုသုတ မျှဝေ ဖလှယ် ရန် ၊ ကူးသန်း သွား လာ ကုန်စည် ဖလှယ် ရန် အများ နားလည် နိုင် သည့် ဘာသာ စကား ကို ကောင်းမွန် မှန်ကန် စွာ အသုံးပြု ကြ ရ သည် ။ မြန်မာ စာ ကျောင်း သုံး ဖတ်စာ ကို မြန်မာ နိုင်ငံ အတွင်း မှီတင်း နေ ထိုင် ကြ သည့် နိုင်ငံ သား တိုင်း နိုင်ငံ သား ကောင်း ဖြစ် ရန် လိုအပ်ချက် ဖြစ် သော မြန်မာ ဘာသာ စကား ကျွမ်းကျင် ထိ ရောက် ၊ မှန်ကန် စွာ အသုံးပြု နိုင် စေ ရန် မျှော်မှန်း သင်ယူ ရ မည် ဖြစ် သည် ။	G10	Upper Secondary
စာသင်နှစ် အဆုံး တွင် သိ ရှိ သွား ပြီး လုပ်ဆောင် နိုင် မည့် ရလဒ် များ	ဒသမ တန်း မြန်မာ စာ ကျောင်း သုံး စာအုပ် ကို သင်ယူ ပြီး သောအခါ ကျောင်းသား များ သည် အောက် ပါ တို့ ကို လုပ်ဆောင် နိုင် မည် ။	G10	Upper Secondary
အပြော သင်ခန်းစာ	အပြော ဆိုင်ရာ သင်ခန်းစာ များ ကို သင်ယူ ပြီး သည့် အခါ စကား ပြော ခြင်း ၏ အရေးကြီး ပုံ ၊ အပြော ပုံစံ အမျိုးမျိုး ၊ စကား ပြော ရာ တွင် သတိပြု ရ မည့် အသံ များ ၊ စကား ပြော ရာ တွင် ရှောင်ကြဉ် သင့် သည့် အချက် များ ကို သိ ရှိ ပြီးနောက် အခြေအနေ အချိန်အခါ နှင့် လိုက်လျောညီထွေ ဖြစ် မည့် စကား အမျိုးမျိုး ကို ပြော ဆို အသုံးပြု တတ် လာ မည် ။ မိမိ ကိုယ်တိုင် ပြော ဆို ခြင်း သာမက အခြား သူ များ ပြော ဆို သည် ကို လည်း ဂရုတစိုက် နားထောင် တတ် သည့် အလေ့အကျင့် ကို ရ ရှိ လာ စေ မည် ။	G10	Upper Secondary
အဖတ်အရွတ် သင်ခန်းစာ	အဖတ်အရွတ် သင်ခန်းစာ ပါ စကားပြေ များ ကို အသံ ထွက် ရွတ်ဖတ် ခြင်း ၊ ကဗျာ ကို အသံ ထွက် ရွတ်ဆို ခြင်း တို့ဖြင့် အသံ ထွက် မှန်ကန် ခြင်း ၊ အသံ နေ အသံ ထား ကောင်းမွန် ခြင်း ၊ စာ ကို စနစ်တကျ ဖတ် ရွတ် တတ် ခြင်း အလေ့အကျင့် များ ရ ရှိ လာ စေ မည် ။ စကားပြေ ရွေးချယ် ချက် ၊ ကဗျာ ရွေးချယ် ချက် တို့ ကို လေ့လာ ဖတ်ရှု သင်ကြား ပြီး သည့် အခါ တွင် သုတ စကားပြေ များ မှ သုတ အသိ များ ကျယ်ပြန့် လာ ၍ စာ တွေ့ ၊ လက်တွေ့ အသုံးချ တတ် လာ မည် ။ ရသ စကားပြေ များ ၏ ရသ ခံစား မှု မှ တစ် ဆင့် လူ့ သဘော လူ့ သဘာဝ များ ကို သတိပြု မိ ၍ လက်တွေ့ ဘဝ တွင် ဆန်းစစ် သုံးသပ် တတ် လာ မည် ။ ကဗျာ က ပေး သော ရသ ကို ကောင်း စွာ ခံစား တတ် ၍ ရှင်းပြ တတ် လာ မည် ။ ကဗျာ အမျိုးမျိုး မှ ကာရန် သဘော ကို ခွဲခြား နားလည် ၍ ရှင်းပြ တတ် လာ မည် ။	G10	Upper Secondary
အရေး သင်ခန်းစာ	အရေး သင်ခန်းစာ ကို သင်ယူ ပြီး သည့် အခါ စာ အရေးအသား အခြေခံ များ ကို ကောင်း စွာ နားလည် သဘောပေါက် လာ မည် ။ သဒ္ဒါ အသုံး စာလုံးပေါင်း သတ်ပုံ ဝါကျ အထားအသို အမှား ၊ အမှန် များ ကို သိ ရှိ လာ ပြီး မှန်ကန် စွာ ရေး သား အသုံးပြု တတ် လာ မည် ။ စာ ပုံစံ အမျိုးမျိုး ကို သိ ရှိ လာ ပြီး ပုံစံ အလိုက် ဆီလျော် ညီညွတ် သော စာ များ ကို ရေး သား တတ် လာ မည် ။ စာ အရေးအသား အတတ်ပညာ တွင် အရေး ပါ သော အလင်္ကာ ၊ ရသ များ ၏ သဘောသဘာဝ ကို သိ ရှိ လာ ပြီး စာ အရေးအသား တစ် ခု ၏ အလင်္ကာ မြောက် မှု ရသ မြောက် မှု တို့ ကို သုံးသပ် အကဲဖြတ် တတ် လာ မည် ။	G10	Upper Secondary
စကား ပြော ခြင်း	စကား ပြော ခြင်း သည် သာမန် အား ဖြင့် လူ တို့ နေ့စဉ် ပြုလုပ် ရ သော ကိစ္စ တစ် ရပ် ဖြစ် ပါ သည် ။ အိပ်ရာ နိုးထ ချိန် မှ စ၍ အိပ်ရာ ဝင် ချိန် အထိ ဆောင်ရွက် သမျှ သော ကိစ္စ အဝဝ တို့ တွင် စကား ပြော ဆို ဆောင်ရွက် ကြ ရ ပါ သည် ။ စကား ပြော ခြင်း ဖြင့် တစ် ဦး နှင့် တစ် ဦး ဆက်သွယ် လုပ်ကိုင် နိုင် သလို မိမိ ပြော ဆို အသိပေး လို သော အချက်အလက် များ ၊ မိမိ ၏ စိတ် ခံစားချက် များ ကို တစ် ပါး သူ သိ အောင် လုပ်ဆောင် နိုင် ပါ သည် ။ စကား ပြော ခြင်း ဖြင့် လူမှု ကိစ္စ အဝဝ ပြီး မြောက် အောင် ဆောင်ရွက် နိုင် ပါ သည် ။ ထို့ကြောင့် စကား ပြော ခြင်း သည် အရေးကြီး သော လူ့ ကိစ္စ တစ် ရပ် ဖြစ် ပါ သည် ။	G10	Upper Secondary
စကား ပြော ခြင်း	စကား ပြော ဆို ရာ တွင် ပုံမှန် အား ဖြင့် ပြောသူ နှင့် နားထောင် မည့် သူ ရှိ ရ ပါ သည် ။ ပြောသူ သည် တစ် ဦး တည်း ဖြစ် နိုင် သကဲ့သို့ အများ လည်း ဖြစ် နိုင် ပါ သည် ။ နားထောင်သူ သည် လည်း တစ် ဦး တည်း ဖြစ် နိုင် သကဲ့သို့ အများ လည်း ဖြစ် နိုင် ပါ သည် ။ နားထောင်သူ အများအပြား ကို ပရိသတ် ဟု လည်း ခေါ် ဆို ပါ သည် ။ ပြောသူ နှင့် နားထောင်သူ တို့ ၏ အခြေအနေ အလိုက် တစ် ဦး က တစ် ဦး ကို ပြော သည့် ပုံစံ ၊ တစ် ဦး က အများ ကို ပြော သည့် ပုံစံ ၊ အများ က တစ် ဦး ကို ပြော သည့် ပုံစံ ၊ အများ က အများ ကို ပြော သည့် ပုံစံ ဟူ၍ စကား ပြော ပုံစံ လေး မျိုး ရှိ ပါ သည် ။	G10	Upper Secondary
စကား ပြော ခြင်း	တစ် ဦး က တစ် ဦး ကို ပြော ဆို သည့် ပုံစံ သည် လူ နှစ် ဦး တွေ့ ဆုံ သည့် အခါ အပြန်အလှန် ပြော ဆို ခြင်း တယ်လီဖုန်း စသည့် ဖြင့် အပြန်အလှန် ပြော ဆို ခြင်း စ သည့် ပြောသူ တစ် ဦး က နားထောင်သူ တစ် ဦး ကို ပြော ဆို သည့် ပုံစံ ဖြစ် ပါ သည် ။ ထို သို့ အပြန်အလှန် ပြော ဆို ရာ တွင် ပြောသူ နှင့် နားထောင်သူ မှာ အလှည့် ကျ ဖြစ် နိုင် ပါ သည် ။ ပထမ တစ် ဦး က ပြော နေ ချိန် တွင် ဒုတိယ တစ် ဦး သည် နားထောင်သူ ဖြစ် ပြီး ဒုတိယ တစ် ဦး ပြော နေ ချိန် တွင် မူ ပထမ တစ် ဦး သည် နားထောင်သူ ဖြစ် ပါ သည် ။	G10	Upper Secondary
စကား ပြော ခြင်း	ပြော ဆို သူ တစ် ဦး က နားထောင်သူ အများ ကို ပြော ဆို ခြင်း မျိုး လည်း ရှိ ပါ သည် ။ ရှင်းလင်းပွဲ များ ၊ ဆွေးနွေးပွဲ များ ၊ ဟောပြောပွဲ များ တွင် ပင်တိုင် ပြော ဆို သူ က ပရိသတ် များ ကို ပြော ဆို သည့် ပုံစံ ဖြစ် သည် ။ ကျောင်း တွေ့ဆုံ ပွဲ တွင် ကျောင်းအုပ်ဆရာကြီး က ကျောင်းသား များ ကို အမှာစကား ပြော ကြား သည့် ပုံစံ မျိုး ၊ စာသင်ခန်း အတွင်း တွင် ဆရာ က ကျောင်းသား များ ကို ရှင်းလင်း သင်ကြား သည့် ပုံစံ မျိုး သည် တစ် ဦး က အများ ကို ပြော ဆို သည့် ပုံစံ မျိုး ဖြစ် ပါ သည် ။	G10	Upper Secondary
စကား ပြော ခြင်း	ပြော ဆို သူ အများ က နားထောင်သူ တစ် ဦး တည်း ကို ပြော ဆို ခြင်း မျိုး လည်း ရှိ ပါ သည် ။ စာသင်ခန်း အတွင်း တွင် ကျောင်းသား များ က မိမိ မ ရှင်းလင်း သည့် သင်ခန်းစာ များ ကို ဆရာ အား ဝိုင်းဝန်း မေးမြန်း ခြင်း ၊ လူ တွေ့ တွေ့ဆုံ စစ် မေး သည့် စစ် မေး သူ များ က အစစ်ဆေးခံ သူ ကို ဝိုင်းဝန်း မေးမြန်း ခြင်း စ သည့် ပြော ဆို သည့် ပုံစံ ဖြစ် ပါ သည် ။	G10	Upper Secondary
စကား ပြော ခြင်း	ပြော ဆို သူ အများ က နားထောင်သူ အများ ကို ပြော ဆို ခြင်း မျိုး လည်း ရှိ ပါ သည် ။ စာသင်ခန်း အတွင်း အုပ်စု ဖွဲ့ ၍ တစ် ဖက် နှင့် တစ် ဖက် ဆွေးနွေး ပြော ဆို ခြင်း မျိုး ဖြစ် ပါ သည် ။ ပထမ အုပ်စု က ဆွေးနွေး ပြော ကြား နေ ချိန် တွင် ဒုတိယ အုပ်စု သည် နားထောင်သူ များ ဖြစ် ၍ ဒုတိယ အုပ်စု ပြော ကြား နေ ချိန် တွင် မူ ပထမ အုပ်စု သည် နားထောင်သူ များ ဖြစ် ပါ သည် ။ စကားဝိုင်း ဆွေးနွေးပွဲ များ တွင် ဆွေးနွေး ပြော ဆို သူ အများ က နားထောင် သည့် ပရိသတ် အများ ကို ပြော ဆို သည့် ပုံစံ မှာ လည်း ဤ ပုံစံ မျိုး ဖြစ် ပါ သည် ။	G10	Upper Secondary
စကား ပြော ခြင်း	တစ်ခါတစ်ရံ တွင် ပြောသူ တစ် ဦး တည်း က နားထောင် မည့် သူ မ ရှိ ဘဲ မိမိ ကိုယ် မိမိ ပြော ဆို သည့် တစ် ကိုယ် တည်း ပြော စကား မျိုး လည်း ရှိ နိုင် ပါ သည် ။ ထို အပြော စကား မျိုး ကို လူ တစ် ဦး တစ် ယောက် က စိတ် ခံစား မှု တစ် ခု ခု ပြင်းထန် လာ သော အခြေအနေ မျိုး တွင် ပြော ဆို လေ့ ရှိ ပါ သည် ။ တစ် ကိုယ် တည်း ပျင်းရိ ငြီးငွေ့ ခြင်း ၊ ဝမ်းမြောက်ဝမ်းသာ ဖြစ် ခြင်း ၊ ဝမ်းနည်း ကြေကွဲ ခြင်း ၊ မကျေမနပ် ဖြစ် ခြင်း စ သည့် အခြေအနေ မျိုး တွင် မိမိ ၏ စိတ် ခံစား ချက် ကို တစ် ကိုယ် တည်း ပြော ဆို လေ့ ရှိ ပါ သည် ။	G10	Upper Secondary
စကား ပြော ခြင်း	စကား ပြော ဆို ရာ တွင် ပုံစံတကျ ဖြစ် ခြင်း နှင့် လွတ်လွတ်လပ်လပ် ဖြစ် ခြင်း ဟူ သည့် အခြေအနေ နှစ် ရပ် ပေါ် မူတည် ပြီး ပုံစံတကျ ပြော ဆို ခြင်း နှင့် အလွတ် သဘော ပြော ဆို ခြင်း ဟူသော ပြော ဆို ပုံ နှစ် မျိုး ရှိ ပါ သည် ။ ပုံစံတကျ ပြော ဆို ခြင်း ကို အစည်းအဝေး များ ၊ အခမ်းအနား များ စ သည့် ပုံစံတကျ ဖြစ် သော အခြေအနေ မျိုး တွင် အသုံးပြု ပါ သည် ။ အလွတ် သဘော ပြော ဆို ခြင်း ကို သူငယ်ချင်း အချင်းချင်း ၊ မိတ်ဆွေ အချင်းချင်း ၊ မိသားစုဝင် များ ဆွေမျိုးသားချင်း များ အချင်းချင်း စသည့် ခင်မင် ရင်းနှီး သူ များ လွတ်လပ် စွာ တွေ့ဆုံ ရာ နေ့မျိုး တွင် အသုံးပြု လေ့ ရှိ ပါ သည် ။	G10	Upper Secondary
စကား ပြော ခြင်း	စကား ပြော ဆို ရာ တွင် ကြိုတင် ပြင်ဆင် ပြော ဆို ခြင်း နှင့် လက်တန်း ပြော ဆို ခြင်း ဟူ သည့် အနေအထား နှစ် ရပ် ရှိ နိုင် ပါ သည် ။ ကြိုတင် ပြင်ဆင် ပြော ဆို ခြင်း ဆို သည် မှာ မိမိ ပြော ဆို မည့် အချက်အလက် များ ကို ကြိုတင် စုဆောင်း ၍ အစီအစဉ် ချမှတ် ကာ စနစ်တကျ ပြော ဆို ခြင်း ဖြစ် ပါ သည် ။ ကြိုတင် ပြင်ဆင် ၍ ပြော ဆို ရာ တွင် အချက်အလက် သာမက အသံနေအသံထား ၊ စကား အသုံးအနှုန်း ၊ လေယူလေသိမ်း က အစ ကြိုတင် လေ့ကျင့် ပြင်ဆင် ထား နိုင် ပါ သည် ။ လက်တန်း စကား ပြော ဆို ခြင်း မှာ မူ ကြိုတင် ပြင်ဆင် ထား ခြင်း မ ရှိ ဘဲ စကား ပြော ဆို နေ စဉ် အတွင်း မိမိ စိတ်ကူး ထဲ တွင် ပေါ်ပေါက် လာ သည့် အချက်အလက် များ ကို တဒင်္ဂ အတွင်း ထုတ်ဖော် ပြော ဆို ခြင်း ဖြစ် သည် ။ ပုံစံတကျ ပြော စကား များ သည် ကြိုတင် ပြင်ဆင် ပြော ဆို သည့် စကား အမျိုးအစား ဖြစ် ပါ သည် ။ အလွတ် သဘော ပြော ဆို သော ပြော စကား များ တစ်နည်းအားဖြင့် ပုံစံတကျ မ ဟုတ် သော ပြော စကား များ သည် လက် တန်း ပြော ဆို သည့် စကား များ ဖြစ် လေ့ ရှိ ပါ သည် ။	G10	Upper Secondary
စကား ပြော ခြင်း	ပြော စကား များ ကို ယေဘုယျ အား ဖြင့် တစ် ဦး တည်း ပြော စကား ၊ နှစ် ဦး အပြန်အလှန် ပြော စကား ၊ ဝိုင်းဖွဲ့ ပြော စကား ဟူ၍ အမျိုးအစား သုံး မျိုး ခွဲခြား နိုင် ပါ သည် ။	G10	Upper Secondary
စကား ပြော ခြင်း	တစ် ဦး တည်း ပြော စကား များ တွင် နားထောင်သူ တစ် ဦး သို့မဟုတ် နားထောင်သူ အများ ရှိ နိုင် ပါ သည် ။ မိမိ တစ် ဦး တည်း မိမိ ကိုယ် မိမိ ပြော ဆို ခြင်း မျိုး လည်း ရှိ နိုင် ပါ သည် ။ ပုံပြင် ပြော ဆို ခြင်း ၊ ရေဒီယို အသံလွှင့် ချက် ၊ ဟောပြော ချက် ၊ မိန့်ခွန်း ၊ အမှာစကား ၊ ကျောင်း သင်ခန်းစာ ပို့ချ ချက် ၊ ကျပန်း စကား ပြော ခြင်း တို့ သည် တစ် ဦး တည်း ပြော စကား များ ဖြစ် ပါ သည် ။ တစ် ကိုယ် တည်း ညည်းတွား ခြင်း ၊ ပြဇာတ် များ တွင် ပါ ဝင် လေ့ ရှိ သော တစ် ကိုယ် တည်း ပြော ဆို ခြင်း စသည် တို့ သည် လည်း တစ် ဦး တည်း ပြော စကား များ ဖြစ် ပါ သည် ။	G10	Upper Secondary
စကား ပြော ခြင်း	နှစ် ဦး အပြန်အလှန် ပြော စကား များ မှာ ပြောသူ နှင့် နားထောင်သူ နှစ် ဦး တို့ က အပြန်အလှန် ပြော ဆို ခြင်း မျိုး ဖြစ် ပါ သည် ။ ဤ ပြော ဆို မှု တွင် ပြောသူ နှင့် နာ သူ တို့ သည် အပြန်အလှန် အလှည့် ယူ ၍ ပြော ဆို ရ ပါ သည် ။ လက် ရှိ ပြော ဆို နေ သူ က နားထောင် နေ သူ ကို ပြော ဆို ခွင့် ရ ရှိ အောင် အလှည့် ပေး ရ ပါ သည် ။ လူ နှစ် ဦး တွေ့ဆုံ ပြော ဆို သည့် စကား မှန် သမျှ သည် နှစ် ဦး အပြန်အလှန် ပြော စကား များ ဖြစ် ပါ သည် ။ မျက်နှာချင်းဆိုင် တွေ့ဆုံ ပြော ဆို မှု များ ၊ တယ်လီဖုန်း စ သည့် ဆက်သွယ်ရေး ကိရိယာ များ ဖြင့် အပြန်အလှန် ပြော ဆို မှု များ ၊ ဝတ္ထု ၊ ပြဇာတ် စသည် တို့ တွင် အချီအချ ပြော စကား များ ၊ နှစ် ဦး တွေ့ဆုံ ဆွေးနွေး မေးမြန်း ခန်း များ ( အင်တာဗျူး များ ) စကားရည်လု ပြော ဆို ခြင်း များ ၊ အချေအတင် ပြော ဆို ခြင်း များ သည် နှစ် ဦး အပြန်အလှန် ပြော စကား များ ဖြစ် ပါ သည် ။	G10	Upper Secondary
စကား ပြော ခြင်း	ဝိုင်းဖွဲ့ ပြော စကား သည် ပြောသူ အများ နှင့် နားထောင်သူ အများ တို့ အပြန်အလှန် ဝိုင်းဖွဲ့ ပြော ဆို သော စကား မျိုး ဖြစ် ပါ သည် ။ ဝိုင်းဖွဲ့ ပြော စကား ပြော ဆို ရာ တွင် သုံး ဦး နှင့် အထက် ပြော ဆို သူ များ ပါ ဝင် ရ ပါ သည် ။ ဝိုင်းဖွဲ့ ပြော ဆို ရာ တွင် လည်း ပါ ဝင် ပြော ဆို သူ များ သည် အလှည့် ယူ ၍ ပြော ဆို ရ ပါ သည် ။ အပေးအယူ မျှတ စွာ ပြော ဆို ပါ က စကားဝိုင်း သည် စိုပြည်မြိုင်ဆိုင် နေ တတ် ပါ သည် ။ စကားဝိုင်း ပြော ဆို မှု တွင် တစ် ဦး တည်း က သာ ပိုမို အလှည့် ယူ ပြီး ဒိုင်ခံ ပြော ဆို နေ ပါ က စကားဝိုင်း သည် ငြီးငွေ့ ဖွယ် ဖြစ် သွား တတ် ပါ သည် ။ စာသင်ခန်း အတွင်း အုပ်စု ဖွဲ့ ကာ သင်ခန်းစာ တစ် ခု ကို ဝိုင်းဝန်း ဆွေးနွေး သော စကား ၊ မိတ်ဆွေ သူငယ်ချင်း အချင်းချင်း ဝိုင်းဖွဲ့ ပြော ဆို သော စကား ၊ စကားဝိုင်း ဆွေးနွေးပွဲ များ တွင် ဝိုင်းဝန်း ဆွေးနွေး ပြော ဆို သော စကား စသည် တို့ သည် ဝိုင်းဖွဲ့ ပြော စကား များ ဖြစ် ပါ သည် ။	G10	Upper Secondary
စကား ပြော ခြင်း	စကား ပြော ခြင်း အမျိုးမျိုး ကို သိ ရှိ မှတ်သား ပြီး လက်တွေ့ လူ မှု ပတ်ဝန်းကျင် တွင် အခြေအနေ အချိန် အခါ နှင့် လိုက်လျောညီထွေ ဖြစ် မည့် စကား များ ကို ပြော ဆို အသုံးပြု ကြ ရ မည် ဖြစ် ပါ သည် ။	G10	Upper Secondary
ရေး တော့ အမှန် ဖတ် တော့ အသံ	မြန်မာ စကား တွင် " ရေး တော့ အမှန် ဖတ် တော့ အသံ " ဟူသော ဆိုရိုးစကား ရှိ ပါ သည် ။ စာ ရေး လျှင် စာလုံးပေါင်း သတ်ပုံ နှင့် အညီ အမှန် အတိုင်း ရေး ရ သော်လည်း စာဖတ် လျှင် ပြော လေ့ ဆို လေ့ ရှိ သော အသံ ထွက် အတိုင်း ဖတ် ရ ပါ သည် ။ အသံ ထွက် ရာ တွင် ရေး သည့် အတိုင်း မ ထွက် ဘဲ အသံ ပြောင်း ထွက် ရ သည့် အကြောင်း တစ် ခု မှာ ခက် ရာ မှ လွယ် ရာ သို့ ပြောင်း ခြင်း ဖြစ် သည် ။ အသံ နှစ် သံ ကို တစ် ဆက် တည်း ရွတ်ဆို သောအခါ ရှေ့ က အသံ နှင့် အာ ထား လျှာ ထား အဆင်ပြေ အောင် ရွတ်ဆို ရ လွယ် အောင် ၊ နောက် က အသံ ကို လိုအပ် သလို လိုက် ပြောင်း ပေး ရ ခြင်း ဖြစ် သည် ဟု ယေဘုယျ အား ဖြင့် ဆို နိုင် ပါ သည် ။ လူငယ် များ ၏ မြန်မာ စကား အပြောအဆို နှင့် ပတ်သက် ၍ အသံ ထွက် မှန်ကန် မှု ၊ ပီသ မှု ဆိုင်ရာ မှတ်သား လိုက်နာ ဖွယ် များ ကို ပြည့်စုံ အောင် ဆွေးနွေး တင်ပြ လို ပါ သည် ။	G10	Upper Secondary
ရေး တော့ အမှန် ဖတ် တော့ အသံ	" စကား ပြော ရာ မှာ အသံ ပျော့ ကို အသံ ပြင်း အဖြစ် ပြောင်း ပြီး အသံ ထွက် ရ သည် စည် ကမ်း ရှိ ပါ သည် ။ အစဉ်အဆက် ကျင့်သုံး ခဲ့ ကြ သည့် စည်းကမ်း ဖြစ် ပါ သည် ။ အသံ ထါက် ရာ တွင် ပို ၍ လွယ်ကူ အောင် ဤ သို့ အသံ ပြောင်း ပြီး ထွက် ခဲ့ ကြ ခြင်း ဖြစ် သည် ။ " လူ ကြီး လူ ကောင်း " ကို ဘယ်လို အသံ ထွက် ပါ သလဲ ဟု မေး လျှင် / လူ ဂျီး လူ ဂေါ င်း / လို့ အသံ ထွက် ပါ တယ် ဟု မြန်မာ စကား ပြောသူ တိုင်း က အလွယ်တကူ ဖြေ ပါ လိမ့် မည် ။ / / မျဉ်း စောင်း နှစ် ခု သည့် အတိုင်း ပြ ထား ခြင်း ဖြစ် ပါ သည် ။	G10	Upper Secondary
ရေး တော့ အမှန် ဖတ် တော့ အသံ	သတ်ပုံ အမှန် အတိုင်း ရေး ပုံ နှင့် ကွဲပြား ချက် များ ရှိ ပါ သည် ။ မြန်မာ စာ အဖွဲ့ က ပြုစု သော မြန်မာ အဘိဓာန် တွင် ဖော်ပြ ထား သည့် စနစ် အတိုင်း ဖော်ပြ ထား ခြင်း ဖြစ် ပါ သည် ။ အသံ မ ပြောင်း ဘဲ ဆို လျှင် / လူ ကျီး လူ ကောင်း / ဟု ပင် အသံ ထွက် ရ ပါ လိမ့် မည် ။ သို့သော် / လူ ကျီး / ဟု အသံ ထွက် ခြင်း ထက် / လူ ဂျီး / ဟု အသံ ထွက် ခြင်း က ပို ၍ ရွတ်ဆို ရ လွယ် ပါ သည် ။ ထို့ကြောင့် အသံ ပျော့ ဖြစ် သော / ကြီး / သော / ဂျီး / / ဂေါင်း / ဟူ၍ အသံ ပြောင်း ပြီး ရွတ်ဆို ခြင်း ဖြစ် သည် ။	G10	Upper Secondary
ရေး တော့ အမှန် ဖတ် တော့ အသံ	အသံ နှစ် သံ ကို ဤ ပုံ ဤ နည်း အတိုင်း ကြား မှာ မ ရပ်နား ဘဲ တစ် ဆက် တည်း ရွတ်ဆို လျှင် နောက် က အသံ နှစ် သံ ကို အသံ ပျော့ များ သည် အသံ ပြင်း များ သို့ ပြောင်း ပါ သည် ။ မြန်မာ စကား မှာ ဤ သို့ အသံ ပြောင်း နိုင် သော အသံ ပျော့ အသံ ပြင်း စုံတွဲ များ ရှိ ပါ သည် ။ ထူးထူးဆန်းဆန်း မ ဟုတ် ပါ ။ / က ၊ ခ / နှင့် / ဂ / / စ ၊ ဆ / နှင့် / ဇ / / တ ၊ ထ / နှင့် / ဒ / ၊ / ပ ၊ ဖ / နှင့် / ဗ / ၊ / သ / နှင့် / သှ / တို့ ဖြစ် ပါ သည် ။ သ သည် အသံ ပျော့ ဖြစ် သည် ။ သာဓက - ပြသ ၊ ချစ် သူ ။ သူ သည် အသံ ပြင်း ဖြစ် သည် ။ သာဓက - ဝယ် သူ ၊ ပန်းသီး ။ / က ၊ ခ / က အသံ ပျော့ / ဂ / က အသံ ပြင်း ဖြစ် သည် ။ ကျန် အတွဲ များ လည်း ထို သဘော ပင် ဖြစ် သည် ။	G10	Upper Secondary
ရေး တော့ အမှန် ဖတ် တော့ အသံ	သံ ကွင်း / သံ ဂွင်း / ၊ ရေ ခွက် / ယေဂွက် / လစာ / လဇာ / ထိုး ဆေး / ထိုး ဇေး / ရွှေ တောင် / ရွှေ ဒေါင် / ခွေး ထီး / ခွေး ဒီး / ညောင်ပင် / ညောင်ဗင် / မုန့် ဖိုး / မုန့်ဗိုး /	G10	Upper Secondary
ရေး တော့ အမှန် ဖတ် တော့ အသံ	အထက် ပါ သာဓက များ တွင် အသံ နှစ် သံ ကို တစ် ဆက် တည်း ရွတ်ဆို သောအခါ နောက် က အသံ ပျော့ မှ အသံ ပြင်း သို့ ပြောင်း ပုံ ကို တွေ့ နိုင် ပါ သည် ။ မြန်မာ စကား ပြော ရာ တွင် ဤ ပုံစံ အတိုင်း ပင် အသံ ပြောင်း ၍ ပြော ဆို ကြ မြဲ ဖြစ် ပါ သည် ။ ဤသို့ အသံ ပြောင်း ခြင်း မှာ ရှေ့ က အသံ ၏ အရှိန် က နောက် က အသံ ကို လာ ပြီး လွှမ်းမိုး သည့် အတွက် ပြောင်း ခြင်း ဖြစ် သည် ။	G10	Upper Secondary
ရေး တော့ အမှန် ဖတ် တော့ အသံ	အချို့ အသံ များ မှာ မူ အသံ ပြတ်တောက် ပါ သည် ။ အသံ ရှိန် မ ရှိ ပါ ။ လွယ်လွယ် ပြော ရ လျှင် " က် ၊ စ် ၊ တ် ၊ ပ် " ဆို သော အသတ် ပါ သည့် အသံ များ ဖြစ် ပါ သည် ။ အသံ နှစ် သံ ကို တစ် ဆက် တည်း ရွတ်ဆို သော်လည်း ရှေ့ ၌ ထို အသံ များ ရှိ နေ လျှင် နောက် က အသံ ကို မ လွှမ်းမိုး နိုင် သည့် အတွက် နောက် က အသံ မ ပြောင်း ပါ ။ လူ ကြီး ကို / လူ ဂျီး / ဟု အသံ ပြောင်း ပြီး ထွက် သော်လည်း ဝက် ကြီး မှာ မူ အသံ မ ပြောင်း ဘဲ / ဝက် ကျီး / ဟု ပင် ထွက် သည် ။ " ဝက် " မှာ " က် " ရှိ သည့် အတွက် မ ပြောင်း ခြင်း ဖြစ် ပါ သည် ။ စက်ကွင်း ၊ မတ် ခွက် ၊ ဖြတ် စာ ၊ သောက် ဆေး ၊ ကျောက် တောင် ၊ ဝက် ထီး ၊ သစ်ပင် သစ်သီး စ သည့် စကားလုံး များ တွင် " က် ၊ စ် ၊ တ် ၊ ပ် " တစ် ခု ခု ရှိ သဖြင့် နောက် က အသံ မ ပြောင်း ပေ ။	G10	Upper Secondary
ရေး တော့ အမှန် ဖတ် တော့ အသံ	" အသံ နှစ် သံတွဲ သည့် အခါ နောက် က အသံ ကြောင့် သ ရ သံ များ သည် ရှေ့ က အသံ ပြောင်း ပုံ မျိုး လည်း ရှိ သည် ။ ရှေ့ က သ ရ သံ များ သည် အသံ တို သွား ပြီး အသံ တစ် ဝက် သာ ကျန် တော့ ခြင်း ဖြစ် သည် ။ " ငါးပိ " ဆို သော စကားလုံး ကို " ငပိ " ဟု အသံ ထွက် သည် ။ " ငါး " မှ အသံ တစ် ဝက် သာ ရွတ်ဆို ရ သော " င " သံ သို့ ပြောင်း သွား ခြင်း ဖြစ် ပါ သည် ။ စာရင်း / စ ယင်း / ၊ နွား မ / နမာ့ / သူ ခိုး / သူ ခိုး / ၊ တစ် ခု / တခု / နှုတ်ခမ်း / နှခမ်း / စသည် ဖြင့် သာဓက များ စွာ ရှိ ပါ သည် ။	G10	Upper Secondary
ရေး တော့ အမှန် ဖတ် တော့ အသံ	အသံ ပြောင်း ခြင်း မှာ ရှေ့ က အသံ နှင့် နောက် က အသံ ကို မ ခြား မ ဖြတ် ဘဲ တစ် ဆက် တည်း ရွတ်ဆို မှု ကြောင့် ပြောင်း ခြင်း ဖြစ် သည် ။ တစ် ဆက် တည်း မ ရွတ်ဆို ဘဲ ကြား ထဲ မှ ခြား ပြီး ရွတ်ဆို လျှင် အသံ မ ပြောင်း တော့ ပါ ။ အသံ ခြား ပြီး ရွတ်ဆို လျှင် ရှေ့ သံ နှင့် နောက် သံ မ ဆက် တော့ သည့် အတွက် အသံ မ ပြောင်း တော့ ခြင်း ဖြစ် သည် ။ " အမေ " အမေ ပဲ ပြုတ် နေ တယ် " ဆို သော စကား တွင် " ပဲ ပြုတ် " သည် အသံ မ ပြောင်း သော်လည်း " ပဲ ပြုတ် ဝယ် ပါ " ဆို သော စကား တွင် / ပဲ ဗျ ုတ် / ဟု အသံ ပြောင်း သွား ပါ သည် ။ " ပဲ ပြုတ် နေ တယ် " တွင် " ပဲ " နှင့် " ပြုတ် " ကို ကြား မှာ စကား ခြား ပြီး ရွတ်ဆို သည့် အတွက် နောက် သံ မ ပြောင်း ခြင်း ဖြစ် ပြီး " ပဲ ပြုတ် ကို ဝယ် မယ် " တွင် " ပဲ နှင့် ပြုတ် " ကို မ ခြား ဘဲ တစ် ဆက် တည်း ရွတ်ဆို သည့် အတွက် အသံ ပြောင်း ခြင်း ဖြစ် ပါ သည် ။	G10	Upper Secondary
ရေး တော့ အမှန် ဖတ် တော့ အသံ	အထက် ၌ ပြ ခဲ့ သော သာဓက များ တွင် အသံ မ ပြောင်း သော စကားလုံး များ သည် ကြိယာ စကားလုံး များ ဖြစ် ကြောင်း နောက် တစ် ဆင့် ခွဲခြား မှတ်သား နိုင် သည် ။ " ဘာသာ ပြန် သင်တန်း " ဆို သော စကားလုံး တွင် " ဘာသာ ပြန် " သည် နာမ် စကားလုံး ဖြစ် သည် ။ / ဘာသာ ဗျန် / ဟု အသံ ပြောင်း သည် ။ " ဘာသာ ပြန် နေ တယ် " ဆို သော စကား တွင် မူ " ဘာသာ ပြန် သည် " ကြိယာ ဖြစ် နေ သည့် အတွက် အသံ မ ပြောင်း ပါ ။	G10	Upper Secondary
ရေး တော့ အမှန် ဖတ် တော့ အသံ	အသံ တူ နှစ် ခု ထပ် လျှင် နောက် က အသံ ပြောင်း ပါ သည် ။ ပျော်ပျော်ပါးပါး / ပျော် ဗျ ော် ပါး ဘား / ၊ ပြင်းပြင်းထန်ထန် / ပျင်း ဗျင်း ထန် ဒန် / ၊ ပြုံးပြုံးလေး / ပျုန်းဗျုန်း လေး / စသည် ဖြင့် များ စွာ ရှိ ပါ သည် ။	G10	Upper Secondary
ရေး တော့ အမှန် ဖတ် တော့ အသံ	စိတ်ဝင်စား စရာ အချက် များ မှာ အသံ တူ နှစ် လုံး ဆင့် ထား သော နာမည် များ တွင် မူ အသံ ပြောင်း လေ့ မ ရှိ ခြင်း ဖြစ် သည် ။ " သူ့ အသား က ဖြူဖြူ ဝင်း နေ တာ ပဲ " ဟု ပြော လျှင် / ဖြူဖြူ ဝင်း / ဟု အသံ ပြောင်း သော်လည်း " ဖြူဖြူဝင်း " ဆို သော နာမည် တွင် မူ အသံ မ ပြောင်း ကြောင်း တွေ့ ရ သည် ။	G10	Upper Secondary
ရေး တော့ အမှန် ဖတ် တော့ အသံ	အခြေခံ ကျ သော အသံ ပြောင်း စနစ် အချို့ ကို ဖော်ပြ ခဲ့ ပြီး ဖြစ် ပါ သည် ။ အသံ ထွက် မှန်ကန် ရေး အတွက် ထို အချက် များ သည် အထောက်အကူပြု လိမ့် မည် ဖြစ် သည် ။	G10	Upper Secondary
စလုံး နှင့် ဆလိမ် ပြဿနာ	မြန်မာ ဗျည်းသံ များ တွင် / စ / နှင့် / ဆ / သည် အသံ ချင်း ကွဲပြား သကဲ့သို့ ယင်း တို့ ကို စာ ဖြင့် ရေး ရာ တွင် စလုံး နှင့် ဆလိမ် အက္ခရာ သည် ကွဲ ပါ သည် ။	G10	Upper Secondary
စလုံး နှင့် ဆလိမ် ပြဿနာ	စ နှင့် ဆ သံ တို့ သည် သွား ရင်း တွင် ဖြစ် ပေါ် ပုံ တူ ကြ သည် ။ စ သံ သည် လေ အား လျော့ ဗျည်း ဖြစ် ၍ ဆ မှာ လေ အားတင်း ဗျည်း ဖြစ် သည် ။ ဤ ဗျည်းသံ နှစ် သံ အနက် စ သံ ကို ရွတ်ဆို ရာ တွင် လေ အားတင်း ခြင်း ( လေ အား များ ခြင်း ) သာ ခြားနား ၏ ။ ဤသို့ လေ အား လျော့ ခြင်း နှင့် လေ အားတင်း ခြင်း ဟူသော အသံ အင်အား တို့ ကြောင့် စ သံ နှင့် ဆ သံ ဟူသော သီးခြား ဗျည်းသံ ရင်း နှစ် သံ ၊ နှစ် မျိုး နှစ် စား ကွဲပြား သော ဗျည်းသံ နှစ် သံ ဖြစ် ပေါ် လာ ရ ခြင်း ဖြစ် သည် ။ စ နှင့် ဆ တွင် ဆ သည် " ဟ " သံ ပါ ဝင် သည် ။	G10	Upper Secondary
စလုံး နှင့် ဆလိမ် ပြဿနာ	စာ နှင့် ဆာ ၊ စား နှင့် ဆား ကဲ့သို့ စ သံ နှင့် ဆ သံ တို့ ၏ ကွဲပြားခြားနား သော အသံ များ ကို လေ့လာ သိ ရှိ နိုင် ပါ သည် ။	G10	Upper Secondary
စလုံး နှင့် ဆလိမ် ပြဿနာ	အသံ ထွက် မှား ၍ စား လုံး ပေါင်း သက် ပုံ ပါ မှား ရေး နေ ကြ သည့် သာဓက များ ကို လည်း ယခု အခါ အတော်အတန် မြင့် တွေ့ နေ ရ ပါ ပြီး ။ ဆု ငွေ ကို စု ငွေ ဟူ၍ လည်း ကောင်း ၊ ဆိတ်ငြိမ် ခြင်း ကို စိတ် ငြိမ် ခြင်း ဟု လည်း ကောင်း ဆိုက်ကပ် သည် ကို စိုက် ကပ် သည် ဟူ၍ လည်း ကောင်း အသံ ထွက် မှား မှု ကြောင့် သတင်းစာ နှင့် စာအုပ်စာတမ်း အချို့ တွင် စာလုံးပေါင်း သတ်ပုံ မှား ရေး နေ ကြ ပြီး အဓိပ္ပာယ် လည်း လွဲမှား ကြ သည့် အဖြစ် မျိုး မှာ စင်စစ် စာပေ ရေး ထုံး စနစ် ကို ပင် ဆုတ်ယုတ် စေ ပါ သည် ။	G10	Upper Secondary
စလုံး နှင့် ဆလိမ် ပြဿနာ	ဤ ကဲ့သို့ ပြောင်းလဲ မှားယွင်း သည့် အဖြစ် ကို စဉ်းစား ကြည့် သော် ဤ သို့ ထင် မြင် ဆင်ခြင် မိ သည် ။ " စ " သံ ကို ရွတ်ဆို ရာ တွင် အသုံးပြု ရ သော လေ အား ထက် " ဆ " သံ ကို ရွတ်ဆို ရ သော လေ အား က ပိုမို များ ပြား ခြင်း ကြောင့် အနည်းငယ် ပင်ပန်း ပါ သည် ။ " စ " သံ ဖြင့် အစားထိုး ပါ က အား စိုက် ရ မှု သက်သာ သည် ။ ဤ နည်း အား ဖြင့် " ဆ " သံအစား " စ " သံ သို့ ပြောင်းလဲ ရွတ်ဆို ရာ မှ ပီသ မှု မ ရှိ သော ၊ အလွယ် လိုက် သော ပြော ဟန် တစ် မျိုး သို့ ယနေ့ ပြောင်းလဲ ပျက်ယွင်း လာ ခဲ့ ရ သည် ဟု ထင် မြင် ယူဆ မိ သည် ။ ဤ အသံ ထွက် ဟန်ပန် မျိုး ကို ပျက် အစဉ် ပြင် ခဏ ဟူသော စကား အရ စနစ်တကျ အချိန် မီ ပြုပြင် လေ့ကျင့် ပေး သွား နိုင် မည် ဆို ပါ က အသံ ထွက် မှန်ကန် ပီသ မှု ကို ပြန်လည် ထိန်းသိမ်း နိုင် မည် မှာ မလွဲဧကန် ဖြစ် ပေ သည် ။	G10	Upper Secondary
စလုံး နှင့် ဆလိမ် ပြဿနာ	အောက် ပါ စ သံ နှင့် ဆ သံ ဆိုင်ရာ စကား အသုံးအနှုန်း အချို့ ကို နှိုင်းယှဉ် လေ့ကျင့် ခြင်း ဖြင့် အကျိုးသက်ရောက် မှု များ ကောင်း စွာ ရ ရှိ လာ နိုင် မည် ဖြစ် သည် ။	G10	Upper Secondary
စလုံး နှင့် ဆလိမ် ပြဿနာ	( ၁ ) စ - ဆ စကား အရာ လိမ္မာ ပါ ။ မိဘ ဆရာ ၊ ရိုသေ ကြ ။	G10	Upper Secondary
စလုံး နှင့် ဆလိမ် ပြဿနာ	( ၂ ) စာ - ဆာ စာ အောင် သူ ကို ဂုဏ်ပြု ပါ ။ ဆာလောင် သူ ကို ဖေးမ ပါ ။	G10	Upper Secondary
စလုံး နှင့် ဆလိမ် ပြဿနာ	( ၃ ) စား - ဆား စား ပါ ၊ သောက် ပါ ၊ ဆား လျှော့ ပါ ။	G10	Upper Secondary
စလုံး နှင့် ဆလိမ် ပြဿနာ	( ၄ ) စီ - ဆီ စီစဉ် ပေး ပါ ။ ဆီ လျှော့ ကျွေး ပါ ။	G10	Upper Secondary
စလုံး နှင့် ဆလိမ် ပြဿနာ	( ၅ ) စီး - ဆီး စီးဆင်း ရေ သံ ။ ဆီးနှင်း ဝေလျှံ ။	G10	Upper Secondary
စလုံး နှင့် ဆလိမ် ပြဿနာ	( ၆ ) စူး - ဆူး စူးစိုက် လုံ့လ ၊ ထုတ် ကြ ပါ ။ ဆူးစူး လွတ် အောင် ၊ ကြည့် ရှောင် ပါ ။	G10	Upper Secondary
စလုံး နှင့် ဆလိမ် ပြဿနာ	( ၇ ) စေး - ဆေး စေးပျစ် ချုံ များ ၊ ရှင်းလင်း ထား ။ ဆေးဝါး ဒါန ၊ ပေး လှူ ကြ ။	G10	Upper Secondary
စလုံး နှင့် ဆလိမ် ပြဿနာ	( ၈ ) စဲ - ဆဲ စဲ သည့် မိုး နှယ် ပွင့်လင်း ဖွယ် ။ ဆဲရေးတိုင်းထွာ ရှောင်ကြဉ် ပါ ။	G10	Upper Secondary
စလုံး နှင့် ဆလိမ် ပြဿနာ	( ၉ ) စံ - ဆံ စံပယ် တော် မူ ၏ ။ ဆံ ပယ် တော် မူ ၏ ။	G10	Upper Secondary
စလုံး နှင့် ဆလိမ် ပြဿနာ	( ၁၀ ) စို - ဆို စိုပြည် လှပ ၊ ယှဉ်ပြိုင် ကြ ။ ဆို ၊ က ၊ ရေး ၊ တီး ပြိုင် ပွဲ ကြီး ။	G10	Upper Secondary
စလုံး နှင့် ဆလိမ် ပြဿနာ	( ၁၁ ) စို့ - ဆို စို့ ထွက် နေ ပြီ ၊ ကျ မျက်ရည် ။ ဆို့ ပိတ် နေ ပြီး မြူနှင်း ရည် ။	G10	Upper Secondary
စလုံး နှင့် ဆလိမ် ပြဿနာ	( ၁၂ ) စိုး - ဆိုး စိုးရိမ် သော က ၊ ကင်း ကြ ပါ စေ ။ ဆိုးသွမ်း ဒေါသ ရှင်း ကြ ပါ စေ ။	G10	Upper Secondary
စလုံး နှင့် ဆလိမ် ပြဿနာ	( ၁၃ ) စိုက် - ဆိုက် စိုက် ရေး ပျိုး ရေး ၊ တို့ အားပေး ။ ဆိုက် ရေး ကပ် ရေး ၊ လှော်ခတ် ပေး ။	G10	Upper Secondary
စလုံး နှင့် ဆလိမ် ပြဿနာ	( ၁၄ ) စင် - ဆင် စင်ကြယ် ဒါန ၊ ကုသိုလ် ရ ၊ ဆင်ခြင်တုံတရား ၊ လက်ကိုင် ထား ။	G10	Upper Secondary
စလုံး နှင့် ဆလိမ် ပြဿနာ	( ၁၅ ) စောင့် - ဆောင့် စောင့် လေ မျိုးနွယ် ၊ ကျင့် ကြ ကွယ် ။ ဆောင့် အောင့် မူ ရာ ၊ ရှောင်ကြဉ် ပါ ။	G10	Upper Secondary
စလုံး နှင့် ဆလိမ် ပြဿနာ	( ၁၆ ) စိတ် - ဆိတ် စိတ် ငြိမ် အောင် ပြု တရား ရှု ၊ ဆိတ်ငြိမ် ရာ တွင် ၊ တရားဝင် ။	G10	Upper Secondary
စလုံး နှင့် ဆလိမ် ပြဿနာ	( ၁၇ ) စုတ် - ဆုတ် စုတ်ပြဲ ကင်း အောင် ၊ သတိ ဆောင် ၊ ဆုတ်ဖြဲ လို မှု ၊ သတိပြု ။	G10	Upper Secondary
စလုံး နှင့် ဆလိမ် ပြဿနာ	( ၁၈ ) စွတ် - ဆွတ် စွတ်စို လှ ပြီ ၊ မိုး ရာသီ ၊ ဆွတ် လို လှ ပြီ ၊ ပန်း ပေါင်း ဆီ ။ ရွှေ လ မင်း သွင် ( မြန် စာ မြေ )	G10	Upper Secondary
တ သံ နှင့် သ သံ ၊ အက် သံ နှင့် အတ် သံ သတိပြု ရန်	စကား ပြော ရာ တွင် တ နှင့် သ ကို ပီပီသသ ခွဲခြား ပြော ဆို တတ် ရန် လိုအပ် ပါ သည် ။ တချို့ မှာ " တ " နှင့် " သ " သံ ကို မ ကွဲပြား ပါ ။ " တော်တော် ကောင်း တယ် " ကို " သော် သော် ကောင်း တယ် " ၊ " လေးလေး တွဲ့တွဲ့ " ကို " လေးလေး သွဲ့ သွဲ့ " ဟု ပြော ပုံ မျိုး ဖြစ် သည် ။ ပြောင်း ပြန် အ နေ နှင့် " ကြက်သား " " ဝက်သား " ကို " ကြက်တား " ၊ " ဝက်တား " ၊ " သန်းသန်း " ဟူသော အမည် ကို " တန်း တန်း " ဟု ခေါ် ဆို ပုံ များ ဖြစ် သည် ။ အောက် ပါ စကားလုံး များ ကို " သ " နှင့် " တ " ပီ အောင် လေ့ကျင့် ပါ ။	G10	Upper Secondary
တ သံ နှင့် သ သံ ၊ အက် သံ နှင့် အတ် သံ သတိပြု ရန်	( ၁ ) သိပ် သတိရ တယ် ။ ( ၂ ) တမ်းတမ်းတတ တွယ်တွယ်တာတာ ( ၃ ) သတိတရ နဲ့ အမှတ်တရ ( ၄ ) သတို့သား နှင့် သတို့သမီး ( ၅ ) သက်သက်သာသာ နေ ထိုင် ပါ ။ ( ၆ ) တောင့်တ တိုင်း သာ ပြည့် ပါ စေ ။	G10	Upper Secondary
တ သံ နှင့် သ သံ ၊ အက် သံ နှင့် အတ် သံ သတိပြု ရန်	နောက်ထပ် မ ပီသ သည့် အသံ တစ် မျိုး မှာ " က သတ် " နှင့် " တသတ် " သံ မ ကွဲပြား ခြင်း ဖြစ် သည် ။ " တ် " သုံး ရ မည့် နေရာ များ တွင် " က် " သုံး မိ ခြင်း မျိုး ဖြစ် သည် ။ " တက်တက်ကြွကြွ " ကို " တတ်တတ်ကြွကြွ " ဟု သုံး မိ ခြင်း မျိုး ၊ " ကတ်ကတ် သတ်သတ် " ကို " က က် က က် သက်သက် " ဟု သုံး မိ ခြင်း မျိုး များ ဖြစ် သည် ။ အောက် ပါ စကားလုံး များ ကို " က် " နှင့် " တ် " မှန် အောင် လေ့ကျင့် ပါ ။	G10	Upper Secondary
တ သံ နှင့် သ သံ ၊ အက် သံ နှင့် အတ် သံ သတိပြု ရန်	( ၁ ) သက်သက်သာသာ ( ၂ ) တက်ရောက် ( ၃ ) အတတ်ပညာ ( ၄ ) လတ်လတ်ဆတ်ဆတ် ( ၅ ) ရက် ဆက် လာ ပါ ။ ( ၆ ) ဆက်လက် ကြိုးစား ပါ ။	G10	Upper Secondary
တ သံ နှင့် သ သံ ၊ အက် သံ နှင့် အတ် သံ သတိပြု ရန်	အထက် ပါ စကားလုံး များ နှင့် ဝါကျ တို များ ကို အရေး ရော ၊ အသံ ထွက် ပါ မှန် အောင် လေ့ကျင့် ပါ ။ ထို့နောက် အဓိပ္ပာယ် ပြည့်စုံ သော ဝါကျ ရှည် များ တွင် ထည့် သုံး ၍ လေ့ကျင့် ပါ ။ ထို့နောက် စာပိုဒ် တွင် ထည့် သုံး ၍ လေ့ကျင့် ပါ ။ ထို သို့ လေ့ကျင့် ပါ မှ အရေး ၊ အသံ ထွက် နှင့် အဓိပ္ပာယ် ပါ တိကျ မှန်ကန် လာ မည် ဖြစ် သည် ။	G10	Upper Secondary
စကား ပြော ဆို ရာ တွင် ရှောင်ကြဉ် သင့် သည် များ	စကား ပြော ဆို ရာ တွင် ပုဂ္ဂိုလ် အရ လိုက် ဖက် အောင် ပြော ဆို သုံးစွဲ ရ သည့် စကားလုံး များ ရှိ ပါ သည် ။ " ဘဲ ၊ စော် " ကဲ့သို့ သော ဗန်း စကား များ ကို လူ ကြီး သူ မ များ နှင့် စကား ပြော ဆို ရာ တွင် ထည့်သွင်း အသုံးပြု မိ ပါ က ရိုင်း ရာ ကျ ပေ လိမ့် မည် ။ ထို့ကြောင့် လူ ကြီး မိဘ များ နှင့် စကား များ ပြော ရာ တွင် ဗန်း စကား များ ထည့်သွင်း ပြော ဆို ခြင်း ကို ရှောင်ကြဉ် ရ မည် ဖြစ် သည် ။	G10	Upper Secondary
စကား ပြော ဆို ရာ တွင် ရှောင်ကြဉ် သင့် သည် များ	စကား ပြော ဆို ရာ တွင် ကြိယာထောက် " ပါ " ထည့် ပြော ခြင်း နှင့် ထည့် မ ပြော ခြင်း သည် လည်း ယဉ်ကျေး ခြင်း ၊ ရိုင်းစိုင်း ခြင်း သဘော ကို ဆောင် နေ တတ် သဖြင့် " ပါ " အသုံး ကို အထူး သတိပြု ရ မည် ဖြစ် သည် ။ " ဟုတ်ကဲ့ " နှင့် " ဟုတ်ကဲ့ ပါ " " ဟုတ် တယ် " နှင့် " ဟုတ် ပါ တယ် " စကားလုံး များ ကို နှိုင်းယှဉ် ကြည့် လျှင် ရိုင်းစိုင်း ခြင်း ၊ ယဉ်ကျေး ခြင်း သဘော ကို သိ ရှိ နိုင် ပါ သည် ။ ထို့ကြောင့် မိမိ ထက် ဂုဏ် ၊ ဝါ ကြီး သူ တို့ နှင့် စကား ပြော ရာ တွင် " ပါ " ထည့် မ သုံး တတ် သည့် အလေ့ ကို သတိထား ရှောင်ကြဉ် ရ မည် ဖြစ် သည် ။	G10	Upper Secondary
စကား ပြော ဆို ရာ တွင် ရှောင်ကြဉ် သင့် သည် များ	" စကား ပြော ဆို ရာ တွင် ရိုင်း မှန်း မ သိ ရိုင်း နေ သည့် စကားလုံး တစ် လုံး မှာ " အရမ်း " ဟူ သည့် အသုံးအနှုန်း ဖြစ် သည် ။ အချင်းချင်း ပြော ဆို သည့် စကား တွင် " အရမ်း " ဟူ သည့် စကားလုံး ကို ထည့် ၍ " အရမ်း လှ တာ ပဲ " " အရမ်း ကောင်း တာ ပဲ " စသည် ဖြင့် သုံး ခြင်း သည် ဆီလျော် သော်လည်း ၊ လူ ကြီး သူ မ များ နှင့် စကား ပြော ဆို ရာ ၌ လည်း ကောင်း ၊ အခမ်းအနား များ တွင် လည်း ကောင်း ၊ စကား ပြော ဆို ရာ ၌ လည်း ကောင်း " အရမ်း " ကို ထည့် သုံး လျှင် မူ မ ယဉ်ကျေး သည့် သဘော ဆောင် နေ ပါ သည် ။ ထို့ကြောင့် " အရမ်း " အသုံး ကို လည်း သတိထား ရှောင်ကြဉ် ရ မည် ဖြစ် သည် ။	G10	Upper Secondary
စကား ပြော ဆို ရာ တွင် ရှောင်ကြဉ် သင့် သည် များ	" နော် " " ပေါ့ နော် " " သိ တယ် မ ဟုတ် လား " ဟူ သည့် စကား တို့ သည် လည်း မိမိ တည်တည်တံ့တံ့ ပြော ဆို နေ သည့် အကြောင်းအရာ များ ကို ပေါ့ ပေါ့ ပျက် ပျက် ဖြစ် သွား စေ သည့် စကားလုံး များ ဖြစ် သည် ။ ထို့ကြောင့် အခမ်းအနား များ ၌ စကား ပြော သည့် အခါ ထို စကားလုံး များ ထည့်သွင်း ပြော ဆို ခြင်း ကို ရှောင်ကြဉ် ရ မည် ဖြစ် သည် ။	G10	Upper Secondary
စကား ပြော ဆို ရာ တွင် ရှောင်ကြဉ် သင့် သည် များ	စကား ပြော ဆို ရာ တွင် နေ ရာ နှင့် လိုက် ဖက် မှု ရှိ သော စကား မျိုး ကို ပြော ဆို တတ် ရ မည် ဖြစ် သည် ။ မင်္ဂလာ အခမ်းအနား တွင် မင်္ဂလာ မ ရှိ သော စကား ပြော ဆို ခြင်း မျိုး ၊ ဈာပန အခမ်းအနား တွင် ရယ်မော စရာ စကား ပြော ခြင်း မျိုး ကို ရှောင်ကြဉ် ရ မည် ဖြစ် သည် ။	G10	Upper Secondary
စကား ပြော ဆို ရာ တွင် ရှောင်ကြဉ် သင့် သည် များ	ဈေး ၊ ကုန် တိုက် ၊ ဘတ် စကား မှတ်တိုင် ကဲ့သို့ လူ စည်ကား သည့် နေရာ များ တွင် အချင်းချင်း ဆဲ ဆို လှောင်ပြောင် ပြော ဆို တတ် ကြ သည့် ဖြစ် ရပ် မျိုး ကို မကြာခဏ ကြုံ ဖူး ပါ သည် ။ သူ တို့ ၏ စကား ကို ကြား ရ သူ များ တွင် စိတ် မ သက်သာ သည့် အမူအရာ မျိုး တွေ့ ရ သော်လည်း ဂရုစိုက် ရ ကောင်း မှန်း မ သိ ။ အထူးသဖြင့် တိုင်းထွာ သည့် စကား မျိုး ၊ ဆဲ ရေး သည့် စကား မျိုး ကို အထိန်းအချုပ် မ ရှိ ဘဲ လွတ်လွတ်လပ်လပ် ပြော ဆို နေ တတ် ကြ သည် ။ ဘေး လူ များ ကို ရှက် ရ ကြောက် ရ ကောင်း မှန်း သိ ပုံ မ ရ ပါ ။ ထို သို့ ပြော ဆို ခြင်း မျိုး သည် လည်း ရှောင်ကြဉ် ရ မည် ဖြစ် သည် ။	G10	Upper Secondary
စကား ပြော ဆို ရာ တွင် ရှောင်ကြဉ် သင့် သည် များ	စကား မ ပြော သင့် သည့် နေရာ တွင် စကား ပြော ခြင်း သည် လည်း နေရာ မ သိ ရာ ရောက် ပါ သည် ။ အခမ်းအနား များ တွင် ရှေ့ က ဆွေးနွေး ပြော ဆို သူ ၏ ဆွေးနွေး ချက် ကို နားမထောင် ဘဲ အချင်းချင်း စကား ပြော ခြင်း မျိုး ၊ စာသင်ခန်း ၌ ဆရာ ၊ ဆရာ မ စာသင် နေ စဉ် နားမထောင် ဘဲ တိုးတိုးတိတ်တိတ် စကား ပြော နေ ခြင်း မျိုး မှာ ရှေ့ က ပြော နေ သူ ကို မ လေးစား ရာ ရောက် သော ရိုင်းပျ သော အမူအရာ မျိုး ဖြစ် သဖြင့် ထို အပြုအမူ များ ကို လည်း ရှောင်ကြဉ် ရ မည် ဖြစ် သည် ။	G10	Upper Secondary
စကား ပြော ဆို ရာ တွင် ရှောင်ကြဉ် သင့် သည် များ	မြန်မာ စကား တွင် အဓိပ္ပာယ် တူ သော စကား များ စွာ ရှိ ပါ သည် ။ အဓိပ္ပာယ် ချင်း တူ သော်လည်း သူ့ နေရာ နှင့် သူ ဆီလျော် သော စကား ကို ရွေးချယ် ပြော ဆို သည့် အလေ့ မှာ အစဉ်အဆက် ကျင့်သုံး လိုက်နာ ခဲ့ သည့် အလေ့ ဖြစ် ပါ သည် ။ ထမင်း ဖိတ် ကျွေး သည့် ဧည့်သည် ချင်း တူ စေကာမူ ရိုသေ လေးစား အပ် သော အသက် ကြီး သူ ဂုဏ် ကြီး သူ ဖြစ် လျှင် " သုံး ဆောင် ပါ " ဟု ပြော ပြီး ၊ ခင်မင် ရင်းနှီး သူ ဖြစ် လျှင် တစ် ယောက် ပြော ဆို " အား ရ ပါး ရ စား ပါ " ဟု သုံးစွဲ တတ် သည် ။ ဤ သို့ အသက်အရွယ် ၊ ဂုဏ် ကို လိုက် ၍ ပြော ဆို ခြင်း ၊ အပြောအဆို ယဉ်ကျေး သိမ်မွေ့ ခြင်း ကို ချေငံ မှု ဟု ခေါ် သည် ။ လူ တစ် ယောက် နှင့် တစ် ယောက် ပြော ဆို ဆက်ဆံ ရာ တွင် ချေ ချေငံ ငံ ပြော ဆို တတ် ခြင်း သည် အများ က နှစ် က သက် လက်ခံ သော ဂုဏ် အရည်အချင်း တစ် ခု ဖြစ် သဖြင့် မချေမငံ ပြော ဆို ခြင်း ကို ရှောင်ကြဉ် ရ မည် ဖြစ် သည် ။	G10	Upper Secondary
စကား ပြော ဆို ရာ တွင် ရှောင်ကြဉ် သင့် သည် များ	" နေ ကောင်း ရဲ့ လား " " စား ပြီး ပြီ လား " " ဘယ် က လာ တာ လဲ " စ သည့် စကား မျိုး သည် လောက ဝတ် စကား များ ဖြစ် သည် ။ လောက ဝတ် စကား များ သည် ပြော သည့် စကား ၏ အဓိပ္ပာယ် ထက် တစ် ယောက် နှင့် တစ် ယောက် စကား ပြော ပြီး ဆက်သွယ် ရေး လမ်း ကြောင်း ဖွင့် သည့် သဘော က ပို နေ ပါ သည် ။ တချို့ က မူ လောက ဝတ် စကား များ ကို အပို စကား များ ဟု သတ်မှတ် ကြ သည် ။ လောက ဝတ် စကား များ ပြော ဖို့ ဝန် လေး တတ် ကြ သည် ။ ထိုအခါ တစ် ဦး နှင့် တစ် ဦး အကြား အထင်အမြင် လွဲမှား မှု များ ပေါ် လာ တတ် သည် ။ လောက ဝတ် စကား များ သည် လူ့ အဖွဲ့အစည်း တွင် တစ် ဦး နှင့် တစ် ဦး ဆက်ဆံ ရေး အဆင်ပြေ မှု အတွက် များ စွာ အထောက်အကူပြု သည် ။ ထို့ကြောင့် လူ တစ် ဦး နှင့် တစ် ဦး တွေ့ဆုံ ကြ လျှင် လောက ဝတ် စကား မ ပြော ဘဲ့ နှုတ်ပိတ် နေ တတ် သည့် အလေ့ ကို လည်း ရှောင် ကြ ရ သည် ။	G10	Upper Secondary
စကား ပြော ဆို ရာ တွင် ရှောင်ကြဉ် သင့် သည် များ	နောက်ဆုံး အနေဖြင့် တင်ပြ လို သည့် ရှောင်ကြဉ် သင့် သည့် အချက် မှာ စကား ကို လက်လွတ်စပယ် ပြော ဆို တတ် သည့် အလေ့ ပင် ဖြစ် သည် ။ တစ် ဦး နှင့် တစ် ဦး စကား ဖြင့် ဆက်သွယ် နေ ကြ သည့် လူ သား များ အတွက် စကား တစ် ခွန်း သည် အလွန် အရေးကြီး ပါ သည် ။ စကား တစ် ခွန်း ၌ ပါ သွား သည့် အကြောင်း အချက် များ ၊ ထင် မြင် ချက် များ သည် နားထောင်သူ ကို " သာ " အောင် လည်း လုပ် နိုင် သကဲ့သို့ " နာ အောင် လည်း လုပ် နိုင် ပေ သည် ။ " သာ " အောင် ပြု လိုက် ခြင်း သည် ကိစ္စ မ ရှိ သော်လည်း " နာ " အောင် ပြု လိုက် မိ လျှင် နောက်ဆက်တွဲ ပြဿနာ များ ပေါ် လာ နိုင် ပါ သည် ။ ထို့ကြောင့် စကား ကို သတိ မ မူ ဘဲ လက်လွတ်စပယ် ပြော ခြင်း ကို ရှောင်ကြဉ် ရ မည် ဖြစ် သည် ။	G10	Upper Secondary
ကျိုး ရှိ ဟုတ် ရာ နာ မ နာ ဆို ရာ စကား မှတ်	" စကား ခြောက် ခွန်း လူ ၌ ထွန်း ၊ လေး ခွန်း ကို ပယ် နှစ် ခွန်း တယ် ( တည် ) "	G10	Upper Secondary
ကျိုး ရှိ ဟုတ် ရာ နာ မ နာ ဆို ရာ စကား မှတ်	" ကျိုး ရှိ ဟုတ် ရာ နာ မ နာ ဆို ရာ စကား မှတ် " ဟူ သည့် စကား ခြောက် ခွန်း မှာ သုတ္တန် ပိဋကတ် ၊ မဇ္ဈိမပဏ္ဏာသ ပါဠိတော် ၊ ဂဟပတိဝဂ် ၊ အဘယ ရာဇကုမာရ သုတ်တော် တွင် ဘုရားရှင် ဟောကြားတော် မူ သော အကြောင်းအရာ ဖြစ် သည် ။ ထို အကြောင်းအရာ ကို မြန်မာ စာပေ ကျမ်းဂန် များ တွင် ကိုးကား ဖော်ပြ လေ့ ရှိ သည့် အတွက် " စကား ခြောက် ခွန်း " သည် မြန်မာ များ နှင့် အကျွမ်းတဝင် ဖြစ် နေ ပါ ပြီ ။	G10	Upper Secondary
ကျိုး ရှိ ဟုတ် ရာ နာ မ နာ ဆို ရာ စကား မှတ်	စကား ခြောက် ခွန်း မှာ ဟုတ် မှန် ခြင်း ၊ မ ဟုတ် မှန် ခြင်း ၊ အကျိုး ရှိ ခြင်း ၊ အကျိုး မ ရှိ ခြင်း ၊ ကြား နာ သူ နှစ်သက် ခြင်း ၊ မ နှစ်သက် ခြင်း ဟူသော အချက် များ ပေါ် တွင် အခြေပြု ၍ ဖော်ထုတ် ထား သော စကား များ ဖြစ် ပါ သည် ။ ထို အချက် များ အရ စကား ခြောက် ခွန်း ကို ဤ သို့ ခွဲ ပြ ထား ပါ သည် ။	G10	Upper Secondary
ကျိုး ရှိ ဟုတ် ရာ နာ မ နာ ဆို ရာ စကား မှတ်	၁ ။ ဟုတ် မှန် ၊ အကျိုး ရှိ ၊ နှစ်သက် သော စကား ၂ ။ ဟုတ် မှန် ၊ အကျိုး ရှိ ၊ မ နှစ်သက် သော စကား ၃ ။ ဟုတ် မှန် ၊ အကျိုး မ ရှိ ၊ နှစ်သက် သော စကား ၄ ။ ဟုတ် မှန် ၊ အကျိုး မ ရှိ ၊ မ နှစ်သက် သော စကား ၅ ။ မ ဟုတ် မှန် ၊ အကျိုး မ ရှိ ၊ နှစ်သက် သော စကား ၆ ။ မ ဟုတ် မှန် ၊ အကျိုး မ ရှိ ၊ မ နှစ်သက် သော စကား	G10	Upper Secondary
ကျိုး ရှိ ဟုတ် ရာ နာ မ နာ ဆို ရာ စကား မှတ်	ဟုတ် မှန် ၍ အကျိုး ရှိ ပြီး နားထောင်သူ လည်း နှစ်သက် သော စကား မှာ အကောင်းဆုံး ဖြစ် သည် ။ အသိပညာ တိုးပွား ရာ တိုးပွား ကြောင်း အတွက် မိဘ က သား သမီး ကို ပြော သော စကား ၊ ဆရာ က တပည့် ကို ပြော သော စကား က စ ၍ ရဟန်းသံဃာတော် များ ၏ တရား ပွဲ များ ၊ စာပေ ဟောပြောပွဲ များ ၊ ပညာရပ် ဟောပြောပွဲ များ ၊ အလုပ် ရုံ ဆွေးနွေးပွဲ များ စသည် တို့ တွင် ဤ စကား မျိုး ကို ကြား ရ မြဲ ဖြစ် ပါ သည် ။	G10	Upper Secondary
ကျိုး ရှိ ဟုတ် ရာ နာ မ နာ ဆို ရာ စကား မှတ်	ဟုတ် မှန် ၍ အကျိုး ရှိ သော်လည်း နားထောင်သူ မ နှစ်သက် သော စကား မှာ လည်း ပြော သင့် ပြော ထိုက် သော စကား ဖြစ် သည် ။ သာဓက အား ဖြင့် မူးယစ်ဆေး စွဲ နေ သော သူ ကို မူးယစ်ဆေး ၏ အန္တရာယ် အကြောင်း ပြော ဆို ဆုံးမ သော စကား မျိုး ဖြစ် သည် ။ ဟုတ် မှန် သော စကား ၊ နာ ယူ သူ အတွက် အကျိုး ရှိ သော စကား ဖြစ် သော်လည်း ဆေး စွဲ သူ က တော့ နာ ယူ ချင် မည် မ ဟုတ် ပါ ။ အလားတူ ပင် အမှား ပြု သူ တစ် ယောက် ၏ အမှား ကို ထောက်ပြ ၍ အမှန် သို့ ရောက် အောင် လမ်း ပြ ပေး သည့် စကား မျိုး ကို ထို သူ မ နှစ်သက် စေကာမူ အကျိုး ကို မျှော်ကိုး ပြီး ပြော ဆို ရ မည် ပင် ဖြစ် သည် ။	G10	Upper Secondary
ကျိုး ရှိ ဟုတ် ရာ နာ မ နာ ဆို ရာ စကား မှတ်	ဟုတ် မှန် သော်လည်း အကျိုး မ ရှိ သည့် စကား မျိုး မှာ မူ နားထောင်သူ နှစ်သက် သည် ဖြစ်စေ မ နှစ်သက် သည် ဖြစ်စေ မ ပြော သင့် သော စကား ဖြစ် သည် ။ လူမည်း ( နီဂရိုး ) လူငယ် ကလေး ကို " နစ်ဂါး " ဟု ခေါ် သော စကား မျိုး သည် မှန် ပင် မှန် သော်လည်း နားထောင်သူ ကို ထိပါး သော စကား မျိုး ဖြစ် သည့် အတွက် အကျိုး မ ရှိ ပါ ။ နားထောင်သူ က နှစ်သက် မည် မ ဟုတ် ပါ ။ ထို့အတူ ကာယကံရှင် ကွယ် ရာ တွင် အတင်းအဖျင်း ပြော ဆို သော စကား မျိုး သည် နားထောင်သူ အချို့ နှစ်သက် တတ် သော စကား မျိုး ဖြစ် သော်လည်း သူ တစ် ပါး ၏ အား နည်း ချက် ကို ကွယ် ရာ မှာ ပြော သော စကား မျိုး ဖြစ် ၍ အကျိုး မ ရှိ နိုင် ပါ ။ ကာယကံရှင် သိ သွား လျှင် တစ် ယောက် နှင့် တစ် ယောက် ဆက်ဆံ မှု ပျက်ပြား ပြီး အကျိုးယုတ် စရာ သာ ရှိ ပါ သည် ။	G10	Upper Secondary
ကျိုး ရှိ ဟုတ် ရာ နာ မ နာ ဆို ရာ စကား မှတ်	ဟုတ် မှန် ခြင်း လည်း မ ရှိ ၊ အကျိုး လည်း မ ရှိ သော စကား မျိုး မှာ လည်း နားထောင်သူ နှစ်သက် သည် ဖြစ်စေ မ နှစ်သက် သည် ဖြစ်စေ မ ပြော သင့် သော စကား ဖြစ် သည် ။ မ ဟုတ် မ မှန် လိမ်ညာ လှည့်ဖြား ပြော ဆို သော စကား မျိုး သည် ဝစီဒုစရိုက် မ ကင်း သော စကား မျိုး ဖြစ် ဖို့ များ သည် ။ လိမ်ညာ ပြော ဆို ခြင်း ၊ ကုန်း ချော စကား ပြော ဆို ခြင်း ၊ အ ပြိန်း အဖျင်း ပြော ဆို ခြင်း ၊ ဆဲရေးတိုင်းထွာ ပြော ဆို ခြင်း ဟူသော ဝစီဒုစရိုက် လေး မျိုး တွင် တစ် မျိုး မ ဟုတ် တစ် မျိုး အကျုံးဝင် နေ မည် ဖြစ် သည် ။ ထို စကား မျိုး ကို နှစ်သက် သူ လည်း ရှိ သည် ။ မ နှစ်သက် သူ လည်း ရှိ သည် ။ သို့သော် အကျိုး မ ရှိ သော စကား ဖြစ် ၍ ထို စကား မျိုး ကို မ ပြော သင့် သော စကား အဖြစ် မှတ်ယူ ရ ပါ သည် ။	G10	Upper Secondary
ကျိုး ရှိ ဟုတ် ရာ နာ မ နာ ဆို ရာ စကား မှတ်	ဤ စကား ခြောက် ခွန်း တွင် အကျိုး ရှိ ပြီး နားထောင်သူ နှစ်သက် သော စကား နှင့် ဟုတ် မှန် ၍ အကျိုး ရှိ သော်လည်း နားထောင်သူ မ နှစ်သက် သော စကား ဟူ သည့် စကား နှစ် မျိုး သည် ပြော ဆို သင့် သော စကား များ ဖြစ် ၍ ကျန် စကား လေး မျိုး မှာ မူ မ ပြော ဆို သင့် သော စကား များ ဖြစ် ကြောင်း ဘုရား ရှင် မိန့်ကြား တော် မူ ခဲ့ ပါ သည် ။ ထို အချက် ကို " ကျိုး ရှိ ဟုတ် ရာ နာ မ နာ ဆို ရာ စကား မှတ် " ဟု သံပေါက် ကဗျာ ဖွဲ့ ၍ မှတ်သား ကြ ခြင်း ဖြစ် သည် ။	G10	Upper Secondary
နားထောင် သော အလေ့	ကျွန်တော် တို့ ၏ အပြစ် ကလေး များ ကို တစ်ခါတစ်ခါ ပြန် ရှာ ကြ ရ ပေ မည် ။ အချစ်ဆုံး မိတ်ဆွေ သို့မဟုတ် အိမ် သူ အိမ် သား တစ် ဦး ဦး အား လည်း သတိထား ကြည့် ပေး ဖို့ ပြော ရ ပေ မည် ။	G10	Upper Secondary
နားထောင် သော အလေ့	တစ်ခါတစ်ရံ သာ မ ဟုတ် ၊ မ ကြာ မ ကြာ ပင် စစ်ဆေး ကြည့် စရာ ကောင်း ပေ သည် ။ ကိုယ့် ကိုယ် ကိုယ် လည်း မှန် ထဲ ကြည့် သည့် အ လား ပြန်လည် စစ်ဆေး ကြည့် ရ ပေ မည် ။ ကြည့် သင့် သည် ။	G10	Upper Secondary
နားထောင် သော အလေ့	မည် သူ မ ဆို ၊ ကျွန်တော် ဖြစ်စေ ၊ မိတ်ဆွေ ဖြစ်စေ ကိုယ့် ကိုယ် ကိုယ် စစ်ဆေး ခြင်း ၊ မိတ်ဆွေ များ ၏ အကြံဉာဏ် ပေး ခြင်း နှင့် သတိပေး ခြင်း ကို မ ခံ ယူ လျှင် နေ ရာ မ ကျ ပေ ။ မိမိ ကိုယ် ကို ဗလာ ထား ပြီး နှိမ့်ချ ကာ စစ်ဆေး ပါ မှ ချစ် ခင် ရင်းနှီး သူ ၏ ပြော ပြ ခြင်း ကို ခံ ယူ ပါ မှ သတိထား ပြုပြင် နိုင် မည် ။ တိုးတက် မှူ ရှိ နိုင် မည် ဟု ကျွန်တော် မြင် မိ သည် ။	G10	Upper Secondary
နားထောင် သော အလေ့	အခြား အကြောင်းအရာ များ ကို အပ ထား ၍ ကျွန်တော် တို့ တွင် ရှိ တတ် သော ချွတ်ယွင်း ချက် တစ် ခု မှာ မိတ်ဆွေ များ ၊ ဧည့်သည် များ နှင့် စကားစမြည် ပြော လျှင် လု ပြော သော အလေ့ ဖြစ် သည် ။ ဤ အလေ့ သည် ကိုယ် က ဘာ မှ သတိ မ ထား သော်လည်း အတူတူ စကား ပြောသူ များ ကို များ စွာ အနှောင့်အယှက် ဖြစ်စေ သည် ။	G10	Upper Secondary
နားထောင် သော အလေ့	ဝိုင်း တစ် ဝိုင်း ၌ စကား လု ပြောသူ နှစ် ဦး ၊ သုံး ဦး ပါ လျှင် ထို ဝိုင်း တွင် ဘယ် စကား ကို နားထောင် ၍ ဘယ် သူ့ ဘက် မျက်နှာ လှည့် ထား ရ မည် ပင် မ သိ တော့ ပေ ။ နားထောင် ရ သူ သည် နား တွင်း ဝင် လာ သော စကား များ က မျိုးစုံ လှ သော ကြောင့် ဘယ် စကား ကို နားထောင် ရ မည် ပင် မ သိ ဘဲ နားထောင် ချင် ၊ နားစွင့် ချင် ယောင်ဆောင် ပြီး ဟို ဘက် လို လို ၊ သည် ဘက် လို လို သွား ပြီး ကလေး နှင့် လုပ် နေ ရ လေ သည် ။ ဘယ် သူ့ စကား မှ နား မ ဝင် ဘာ မှ လည်း နားမလည် ။	G10	Upper Secondary
နားထောင် သော အလေ့	ဤ အတွေ့အကြုံ မျိုး ကို ကျွန်တော် မ ကြာ မ ကြာ ကြုံတွေ့ ရ သည် ။ တစ်ခါတစ်ရံ ကျွန်တော် လည်း စကား လု ပြောသူ များ အထဲ တွင် အပါအဝင် ဖြစ် နေ သည် ကို တွေ့ ရ သော ကြောင့် မ နည်း သတိထား ပြီး ပြန် ဆုတ် ရ သည် ။	G10	Upper Secondary
နားထောင် သော အလေ့	ဘာ ကြောင့် သူ များ ပြော သည် ကို နားမထောင် ဘဲ ကိုယ် က လုလု ပြော ရ သလဲ ဟု စစ်ဆေး ကြည့် သောအခါ ကိုယ် ပြော သည့် အကြောင်းအရာ ကို ကိုယ် က အရေးကြီး သည် ထင် သော ကြောင့် ဖြစ် သည် ။	G10	Upper Secondary
နားထောင် သော အလေ့	ဤ သို့ ထင် တတ် မြင် တတ် ခြင်း သည် နောင် သောအခါ အကျင့် ကြီး ဖြစ် ပြီး ဘယ် အခါ မ ဆို ဝိုင်း ထိုင် မိ ရာ ၌ လည်း ကောင်း ၊ လူ စု မိ ရာ ၌ လည်း ကောင်း ကိုယ် က ချည်း ရှေ့ က ပြော နေ လေ တော့ သည် ။	G10	Upper Secondary
နားထောင် သော အလေ့	ထို ဝိုင်း တွင် ငါ ဘာ များ ပြော ခဲ့ မိ ပါ လိမ့် ဆို သည် ကို ပြန် စဉ်းစား ကြည့် လျှင် စကား များ များ စ ပြောသူ လုလု ပြီး ပြော လေ့ ရှိ သူ များ သည် မှတ်မိ ခဲ သည် ။ စိတ်ဝင်စား သည် မှာ လည်း ထို ပြော နေ ချိန် အခိုက်အတန့် ၌ သာ ဖြစ် ရာ ထို ပုဂ္ဂိုလ် အတွက် ကား ဘာ ပြော ခဲ့ သည် ကို မ မှတ်မိ သည် မှာ လည်း အရေး မ ကြီး ပေ ။	G10	Upper Secondary
နားထောင် သော အလေ့	သုံးသပ် ဝေဖန် ကြည့် သောအခါ သူ တစ် ပါး ပြော သည် ကို ကောင်း စွာ နားထောင် တတ် ဖို့ အလွန် အရေးကြီး သည် ကို ကျွန်တော် တို့ တွေ့ ရ သည် ။ ထို သူ ကျေနပ် ရန် သာ မ ဟုတ် ၊ ဘာ ပြော သည် ၊ ဘာ အဓိပ္ပာယ် ရှိ သည် ၊ ဘယ် မျှ အနှစ်သာရ ပါ ရှိ သည် ၊ မည် သည့် အချက် ကို မှတ်သား ရ မည် ဆို သည် များ ကို ကောင်း စွာ ဂရုပြု နားထောင် မှ ပင် သိ နိုင် ပေ သည် ။	G10	Upper Secondary
နားထောင် သော အလေ့	များသောအားဖြင့် ကျွန်တော် တို့ သည် သူ များ ပြော သည် ကို နားထောင် ကြ သည် ထက် ကိုယ့် အလှည့် ဘယ် တော့ ရောက် မည် ကို စောင့် နေ ကြ ပေ သည် ။ အခွင့် သာ လျှင် တိုး ဝင် ပြီး ပြော လိုက် တော့ သည် ။	G10	Upper Secondary
နားထောင် သော အလေ့	စကား ပြောသူ များ အနက် ဘာ မှ အဓိပ္ပါယ် မ ရှိ လှ သည် ကို ကိုယ် တတ် လုပ် ပြီး ပြော နေ သူ များ နှင့် ကြုံ လျှင် ကား ကံဆိုး သော ကြောင့် ကြုံ ရ လေ ခြင်း ဟု မှတ်ယူ သင့် ပေ သည် ။ သို့ ရာ တွင် တချို့ မှာ အလွန် တန်ဖိုး ရှိ သော စကား များ ကို ပြော တတ် ကြ သည် ။ ထို ပုဂ္ဂိုလ် မျိုး နှင့် ကြုံ လျှင် ဆုံ လျှင် ကား မိမိ သိ လို ၍ မေး သင့် သော မေးခွန်း ကို အချက် ကျ ကျ စနစ်တကျ ပျော့ပျော့ ပျောင်းပျောင်း မေး သင့် ပေ သည် ။	G10	Upper Secondary
နားထောင် သော အလေ့	တစ် ဦး ဦး က ဝိုင်း ထဲ တွင် စကား ပြော နေ သည် ကို မိမိ က စိတ်မဝင်စား သကဲ့သို့ ဟို ကြည့် သည် ကြည့် လုပ် နေ ခြင်း မှာ ကား အလွန် ရိုင်း သော အမူအရာ ဖြစ် သည် ။	G10	Upper Secondary
နားထောင် သော အလေ့	စကား လုလု ပြော တတ် ခြင်း ၊ ထိုင် မိ ကြ လျှင် မိမိ က သာ အတတ် အလိမ္မာ အ စွာ သဘော မျိုး ပြော ဆို နေ တတ် ခြင်း များ ထက် သူ တစ် ပါး ပြော သည် ကို ကောင်း စွာ နားထောင် ခြင်း က အကျိုး များ သည် ။ နားထောင် တတ် သော အကျင့် ကို ရ အောင် လေ့ကျင့် ကြ ပါ ဟု မိတ်ဆွေ များ နှင့် လူငယ် များ ကို ကျွန်တော် တိုက်တွန်း လို ပါ သည် ။ ကျွန်တော် လည်း သတိပြု လေ့ကျင့် လျက် ရှိ ပါ သည် ။	G10	Upper Secondary
နားထောင် သော အလေ့	ဤ သို့ ဆို ရာ ၌ ပါးစပ် ကြီး ပိတ် ပြီး ဖိုးဝရုပ် ကြီး ကဲ့သို့ နေ ရ မည် ဟု မ ဆို လို ပါ ။ တကယ် စိတ်ဝင်စား စွာ နားထောင် တတ် သော အကျင့် ကို ရ အောင် ထူထောင် ရန် သာ ဆို လို ပါ သတည်း ။ ။ လူထု ဦး လှ	G10	Upper Secondary
ပေး စာ ( တစ် ဦး တည်း အပြော ပုံစံ )	ချစ် တပည့် ... စာအုပ် တွေ ထဲ မှာ ရှိ တဲ့ အကြောင်းအရာ တွေ ဟာ အံ့ဩ စရာ ရတနာ တွေ ပဲ တဲ့ ။ ရတနာ ကျွန်း ပေါ် ရှိ ပင်လယ် ဓားပြ တွေ သိမ်းဆည်း ထား တဲ့ ရတနာ တွေ ထက် တောင် ပို မိ များ ပြား လှ သတဲ့ ။ အဲ့ဒီ ရတနာ တွေ ကို တူးဖော် ယူ တတ် ဖို့ သာ လို သတဲ့ ။ ကောင်း လိုက် လေ ။ အဲ့ဒီ စကား အမှန် ပဲ့ ကွ ။ မင်း ... ဆေး အတတ်သင် ချင် သလား ။ စာအုပ် ထဲ မှာ ရှိ တယ် ။ အင်ဂျင်နီယာ အတတ်သင် ချင် သလား ။ စာအုပ် ထဲ မှာ ရှိ တယ် ။ စိတ် ရဲ့ ငြိမ်းချမ်း ခြင်း ကို လို ချင် သလား ။ စာအုပ် ထဲ မှာ ရှိ တယ် ။ ကြီးပွား ချမ်းသာ ချင် သလား ။ စာအုပ် ထဲ မှာ ရှိ တယ် ။ သဘာဝ လောက အကြောင်း ကို သိ ချင် သလား ။ စာအုပ် ထဲ မှာ ရှိ တယ် ။	G10	Upper Secondary
ပေး စာ ( တစ် ဦး တည်း အပြော ပုံစံ )	မင်း လို ချင် တာ တွေ ကို စာအုပ် ထဲ မှာ တူးဖော် ယူ လိုက် ရုံ ပဲ့ ။	G10	Upper Secondary
ပေး စာ ( တစ် ဦး တည်း အပြော ပုံစံ )	စာအုပ် တွေ ထဲ မှာ မင်း လို ချင် တာ တွေ အကုန် ရှိ တယ် ဆို တာ မ ယုံ မ ရှိ နဲ့ နော် ။ အဲ့ဒီ တော့ စာအုပ် ဟာ ရတနာ တွေ စုဆောင်း ထား တဲ့ ရတနာ သေတ္တာ ကြီး နဲ့ တူ တယ် ။ အဲ့ဒီ သေတ္တာ ကြီး ကို ဉာဏ် သော့ နဲ့ ဖွင့် ပေ တော့ ။ ဖွင့် ရ ကောင်း မှန်း လဲ မ သိ ။ ဖွင့် လဲ မ ဖွင့် တတ် ရင် တော့ ရတနာသိုက် ရှိ မှန်း သိ ရက် နဲ့ တူးဖော် မ ယူ တတ် တဲ့ ငတုံး ၊ ငအ ၊ ငညံ့ ၊ ငဖျင်း ၊ အသုံးမကျ တဲ့ လူ့ ဗာလ ဖြစ် သွား လိမ့် မယ် ။	G10	Upper Secondary
ပေး စာ ( တစ် ဦး တည်း အပြော ပုံစံ )	မင်း က ခပ်ညံ့ညံ့ ငအ တစ် ယောက် မှ မ ဟုတ် တာ ။ ဒီ တော့ စာအုပ် တွေ ထဲ မှာ ရှိ တဲ့ ရတနာ တွေ ကို ရှာဖွေ တူးဖော် ယူ ပေ တော့ ။ မင်း လို ချင် တာ ရ မှာ သေချာ တယ် ။ စာအုပ် တွေ ထဲ က ရတနာ တွေ ကို တူးဖော် ယူ တတ် သွား ပြီ ဆို ရင် တော့ မင်း ... ကြီးပွား တိုးတက် အောင်မြင် ကျော်ကြား တဲ့ သူ ဖြစ် ပြီ ပေါ့ ။ ဆရာ ကောင်း ( ကောင်း သန့် ၏ ချစ် သမီး သို့ ပေး စာ မှ )	G10	Upper Secondary
ဆောင်းပါး ( တစ် ဦး တည်း အပြော ပုံစံ )	အမေ တို့ ငယ်ငယ် တုန်း က မန္တလေး မှာ သင်္ကြန် ကျ တယ် ဆို တာ လူ ကြီး တွေ ဥပုသ်စောင့် ကြ ၊ ဘုရား ရေသပ္ပာယ် ကြ တဲ့ ကာလ ၊ လူရွယ် လူ လတ် ယောက်ျား လေး တွေ ရေ တွင်း ချေး ဆယ် ကြ ၊ ရေကန် တွေ ရေ လှယ် ကြ ၊ သန့်ရှင်း ကြ တဲ့ ပွဲ ၊ ကလေး ငယ် တွေ က သံဖြူ ရေ ပြွတ် ကလေး တွေ ၊ သံဖြူ ရေ ဖလား တွေ နဲ့ ရေ ပက် က စား ကြ တဲ့ ပွဲ လေ ။	G10	Upper Secondary
ဆောင်းပါး ( တစ် ဦး တည်း အပြော ပုံစံ )	ရှေး တုန်း က သင်္ကြန် မ ကျ သေး ဘူး ဆို ရင် ဧပြီ လ ၁၃ ရက် ပေ မဲ့ ရေ ပက် ရ တာ မ ဟုတ် ဘူး ။ ဟဲ့ ... မ ပက် နဲ့ အုံး ။ သင်္ကြန် မ ကျ သေး ဘူး ဆို ရင် ခွက် ကလေး ၊ ပြွတ် ကလေး ကိုင် ပြီး အသာ ရပ် နေ ရ တာ ။ သင်္ကြန် ကျ ပြီ ဆို တာ က လဲ တစ် မြို့ လုံး ကြား အောင် အမြောက်သံ တစ် ချက် ပစ် ဖောက် ပေး လိုက် တာ ပါ ။	G10	Upper Secondary
ဆောင်းပါး ( တစ် ဦး တည်း အပြော ပုံစံ )	အဲ့ဒီ အမြောက် က အသံ သာ မြည် တာ ဘယ် သူ့ မှ ဘာ မှ ထိခိုက် တာ မ ဟုတ် ဘူး ။ ဒါကြောင့် အမေ တို့ ဆီ မှာ ဟန် သာ ရှိ ပြီး အဆန် မ ပါ ဘူး ၊ သင်္ကြန် အမြောက် ပဲ့ လို့ တင် စား ပြီး ပြော တဲ့ စကား တစ် ခွန်း တောင် ရှိ ခဲ့ တယ် ။	G10	Upper Secondary
ဆောင်းပါး ( တစ် ဦး တည်း အပြော ပုံစံ )	အမေ တို့ ငယ်ငယ် က ရေ ပက် တယ် ၊ ရေ ကစား တယ် ဆို တာ တကယ့် ၁ဝ နှစ် ၊ ၁၂ နှစ် ကလေး တွေ ရဲ့ ပွဲ သက်သက် ပဲ ၊ အပျို လူပျို တွေ ရေ က စား တာ မ ရှိ ဘူး လား ။ ရှိ ပါ ရဲ့ ။ ရှိ ပုံ က ဒီ လို လေ ။ ဘယ် အိမ် မှာ အပျို ရှိ တယ် ၊ တစ် ယောက် မ က ရှိ တယ် ဆို ရင် အဲ့ဒီ အိမ် က အပျို ကို ရေ လောင်း ဖို့ တစ် ရပ် ထဲ က လူပျို တွေ က ချောင်း နေ ကြ ရ တယ် ။	G10	Upper Secondary
ဆောင်းပါး ( တစ် ဦး တည်း အပြော ပုံစံ )	အပျို တွေ က လဲ ရေ ပက် ခံ ရ မှာ ကြောက် လို့ သင်္ကြန် တွင်း ဆို ရင် တော့ တတ် နိုင် သလောက် လူ မြင် မ ခံ ဘဲ အိမ်တွင်းအောင်း နေ ကြ တာ ပဲ ။ မ လွှဲ သာ တဲ့ ကိစ္စ နဲ့ အိမ် ပြင် ထွက် လာ ပြီ ဆို ရင် တော့ ရေ ပက် ချင် လို့ ချောင်း နေ တဲ့ ကောင် လေး တွေ က ချမ်းသာ မ ပေး တော့ ဘူး ။ အိမ် ထဲ ပြေး ဝင် ရင် လဲ မိဘ မောင်ဖား ကို ကျွန်တော် ရေ ပက် ချင် လို့ မ ____ ကို ထုတ် ပေး ပါ ခင်ဗျာ လို့ တောင်း တော့ တာ ပဲ ။ ဒီ အခါ မိဘ မောင်ဖား က မ ____ ရေ လာ ပါ ကွယ် ။ ရေ ပက် ခံ လိုက် ပါ ဟဲ့ လို့ မ လာ မ ချင်း ခေါ် ပေး တယ် ။ ထွက် လာ တော့ လူကြီး မိဘ တွေ ရှေ့ မှာ ပဲ လောင်း ချင် သလောက် လောင်း ကြ တယ် ။ ဘယ် အိမ် က အပျို ဘယ် သူ ရေ ပက် ခံ နေ ပြီ လို့ အရပ် ထဲ က တခြား ကာလသား တွေ ကြား ရင် လဲ ရ ရာ ရေ ပုံး ၊ ရေ ဖလား ဆွဲ ယူ ပြေး လာ ပြီး လာ လောင်း ကြ တော့ တာ ပဲ ။ တစ်ခါတလေ လောင်း သူ တွေ က များ လွန်း လို့ ချောင်း စီး မြောင်း စီး ပေါ့ ။ ( လူထု ဒေါ်အမာ ၏ အမေ့ ရှေး စကား မှ )	G10	Upper Secondary
ဖိုးအ နဲ့ မယ်န	ဟိုး ရှေးရှေးတုန်း က ဖိုးအ နဲ့ မယ်န တို့ လင်မယား နှစ် ယောက် ရှိ သတဲ့ ။ သူ တို့ လင်မယား က ရုပ် ချင်း ၊ အရွယ် ချင်း မ တူ ပေ မဲ့ အ ပုံ ၊ န ပုံ က တော့ အလွန် တူ ကြ တယ် ။ ဆင်းရဲ လိုက် တာ က လဲ သူ တကာ နဲ့ မ တူ ဘူး ။ ဖိုးအ က အလုပ် လုပ် လို့ ရ တဲ့ ငွေ စ တစ် ဆယ့်ငါး ကျပ် ကို မ စား ရက် မ သောက် ရက် ဘဲ စုဆောင်း ထား တယ် ။ သူ စုဆောင်း ထား တာ ကို မယ် န လဲ သိ တယ် ။ အဲ့ဒီ ငွေ ကို သူ တို့ နှစ် ယောက် သဘောတူ မှ ပဲ သုံး ကြ မယ် ဟု တိုင်ပင် ထား ကြ သတဲ့ ကွယ် ၊	G10	Upper Secondary
ဖိုးအ နဲ့ မယ်န	" တစ် နေ့ တော့ ဖိုးအ က " ဟေ့ ... မယ်န ရေ ... ငါ တို့ စု ထား တဲ့ ငွေ စ တစ် ဆယ့်ငါး ကျပ် ကို တိုးပွား အောင် ဝက် ကလေး တစ် ကောင် ဝယ် ပြီး မွေး ရ အောင် မ ကောင်း ဘူး လား " လို့ တိုင်ပင် တယ် ။ မယ် န က လဲ ဖိုးအ ရဲ့ အကြံ ကို သဘောကျ လို့ " အင်း ... ကောင်း သား ပဲ့ မြို့ ကို တက် ပြီး ဝက် ပေါက် ကလေး တစ် ကောင် ဝယ် ချေ ပါ " လို့ ပြန် ပြော သတဲ့ ။ ဖိုးအ လဲ နောက် မနက် မှာ ငွေ စ တစ် ဆယ့်ငါး ကျပ် ကို ယူ ပြီး မြို့ ကို ထွက် သွား တယ် ။ ဈေး ထဲ မှာ ဝက် ပေါက် ကလေး တစ် ကောင် ဝယ် ပြီး တော့ အိမ် ကို ပြန် လာ ခဲ့ သတဲ့ ။ သူ က လမ်း မှာ ဝက် ကလေး ကို ဆွဲ ပြီး လာ ခဲ့ တဲ့ အခါ ငန်း ကြီး တစ် ကောင် ကို ပိုက် ပြီး လျှောက် လာ တဲ့ မိန်းမ ကြီး တစ် ယောက် နဲ့ တွေ့ သတဲ့ ။ " အင်း ... ငါ လဲ အင်မတန် " အ " ပါ က လား ။ ငန်း ကြီး ကို သာ ဝယ် လိုက် ရ ရင် ဝက် ထက် ကောင်း အုံး မှာ လို့ တွေး မိ သတဲ့ ။ ဒါ့ကြောင့် သူ က ဗျို့ ၊ ဒီ မှာ အဒေါ်ကြီး ခင်ဗျား ငန်း ကြီး နဲ့ ကျုပ် ဝက် ပေါက် ကလေး နဲ့ လဲ မ လား လို့ မေး လိုက် တယ် တဲ့ ။ မိန်းမ ကြီး က လဲ အေး ... လဲ ရ တာ ပေါ့ ။ ရော့ ... ရော့ ... လို့ ပြော ပြီး သူ့ ငန်း ကြီး ကို လှမ်း ပေး ပြီး ဝက် ပေါက် ကလေး ကို ဆွဲ ယူ သွား သတဲ့ ။ ဖိုးအ လဲ သဘောကျ စွာ နဲ့ ငန်း ကြီး ကို ပိုက် ပြီး ဆက် လျှောက် လာ ခဲ့ တယ် ။ အတန် သွား မိ တဲ့ အခါ ခွေး လိမ္မာ တစ် ကောင် ဆွဲ ပြီး လျှောက် လာ နေ တဲ့ လူ ကြီး တစ် ယောက် နဲ့ တွေ့ သတဲ့ ။ ဖိုးအ လဲ သူ့ ငန်း ကြီး ကို ငုံ့ကြည့် ပြီး အင်း ... ငါ လဲ အင်မတန် " အ " ပါ သေး က လား ။ ခွေး ကြီး ကို သာ ဝယ် ခဲ့ ရင် ငါ့ အိမ် ကို တောင် စောင့်ရှောက် ဖော် ရ အုံး မယ် လို့ တွေး မိ ရင်း ဗျို့ ... ဒီ မှာ ဘကြီး ကျုပ် ငန်း ကြီး နဲ့ ခင်ဗျား ခွေး လိမ္မာ နဲ့ လဲ မ လား လို့ လှမ်း မေး လေ တယ် ။ အဲ့ဒီ လူ ကြီး က လဲ သဘောကျ စွာ နဲ့ အေး ... ကောင်း သား ပဲ ။ လာ ... လာ ... လဲ မယ် ... လို့ ပြော ပြီး သူ့ ခွေး ကို ငန်း နဲ့ လဲ ယူ သွား သတဲ့ ။ ဖိုးအ လဲ ခွေး လိမ္မာ ကို ဆွဲ ပြီး လျှောက် လာ တဲ့ အခါ ဗုံ ကြီး တစ် ခု ကို တီး ပြီး လျှောက် လာ နေ တဲ့ လူ ကြီး တစ် ယောက် နဲ့ တွေ့ ရ သတဲ့ ။ ဖိုးအ လဲ သာယာ တဲ့ ဗုံသံ ကို ကြား ရ တဲ့ အခါ အင်း ... ငါ လဲ တော်တော် ‘ အ ’ ပါ သေး က လား ။ ဒီ ဗုံ ကြီး ကို သာ ဝယ် လိုက် ရင် ငါ့ မိန်းမ အင်မတန် ကြိုက် မှာ ပဲ ။ ငါ့ ခွေး လိမ္မာ နဲ့ လဲ ကြည့် အုံး မှ ပါ လေ လို့ တွေး မိ ကာ ဗျို့ ... ဆရာ ကြီး ... ခင်ဗျား ဗုံ ကြီး နဲ့ ကျုပ် ခွေး လိမ္မာ နဲ့ လဲ မ လား လို့ လှမ်း မေး လိုက် တယ် ။ အဲ့ဒီ လူ ကြီး က လဲ သူ့ ဗုံ အဟောင်း ကြီး ကို မ လို ချင် တော့ လို့ ကောင်း ပါ ရဲ့ ကွယ် ။ လဲ ရ တာ ပေါ့ လို့ ပြော ကာ ဖိုးအဆီ က ခွေး လိမ္မာ ကို ယူ ကာ ထွက် သွား ... လေ တယ် ။	G10	Upper Secondary
ဖိုးအ နဲ့ မယ်န	ဖိုးအ လဲ ဗုံ ကြီး ကို တီး ပြီး လမ်း ပေါ် မှာ လျှောက် လာ တဲ့ အခါ ရေခဲမုန့် ရောင်း တဲ့ လက်တွန်းလှည်း သမား နဲ့ တွေ့ ရ တယ် ။ လက်တွန်းလှည်း နဲ့ တွေ့ တဲ့ အခါ နေ က လဲ အင်မတန် ပူ ဖိုးအ က လဲ အင်မတန် ရေ ငတ် နေ တယ် ။ ဖိုးအ က အင်း ... ငါ ဟာ အတော့် ကို က အင်း ... ငါ ဟာ အတော့် ကို အ တဲ့ အကောင် ပါ လား ။ ဟော ဒီ ဗုံ ကြီး နဲ့ ရေခဲမုန့် ကို လဲ စား ရ ရင် ဘယ်လောက် များ ကောင်း လိုက် ပါ့ မ လဲ " လို့ တွေး မိ လေ သတဲ့ ။ ဒါ့ကြောင့် သူ က ဒီ မှာ ... ရေခဲမုန့်သည် ကြီး ။ ကျုပ် ကို ရေခဲမုန့် ကျွေး စမ်း ပါ ဗျာ ။ ဟော ဒီ ကျုပ် တီး လာ တဲ့ ဗုံ ကြီး ပေး ပါ့ မယ် လို့ ပြော ပြီး ဝယ် လေ တယ် ။ ရေခဲမုန့် သည် က လဲ ကောင်း ပြီ ၊ ကောင်း ပြီ ။ ပေး ရ တာ ပေါ့ လို့ ပြော ပြီး ရေခဲမုန့် ထည့် ကျွေး လေ တယ် ။ ဖိုးအ လဲ ရေခဲမုန့် စား ရင်း စဉ်းစား နေ လေ တယ် ။ အင်း ... ငါ့ မိန်းမ တော့ အိမ် မှာ နေ ပြီး ဒီ လို မုန့် ကောင်း ကို စား ရ ရှာ မယ် မ ဟုတ် ဘူး ။ ပြီး တော့ ငါ အခု ထွက် ခဲ့ တဲ့ အခါ ဝက် ပေါက် ကလေး ကို ဝယ် ၊ ဝယ် ပြီး ဝက် ပေါက် ကလေး ကို ငန်း ကြီး နဲ့ လဲ ၊ ငန်း ကြီး နဲ့ ခွေး လိမ္မာ နဲ့ လဲ ၊ ခွေး လိမ္မာ နဲ့ ဟော့ ဒီ ဗုံ ကြီး ကို တစ် ခါ လဲ ၊ ဗုံ ကြီး ကို ရေခဲမုန့် နဲ့ လဲ ရ ပြန် ပါ လေ ရော ။ အင်း ... သေသေချာချာ တွေး ကြည့် လိုက် တော့ ငါ အခု စား နေ တဲ့ ရေခဲမုန့် က သာ ချက်ချင်း အသုံး ကျ ပြီး ငွေ ကုန် ရ ကျိုးနပ် ပါ က လား ။ ကောင်း တယ် ကောင်း တယ် ငါ ပြန် ရင် ငါ့ မိန်းမ ဖို့ လဲ ရေခဲမုန့် ကို ပဲ နောက်ထပ် တောင်းပန် ပြီး ယူ သွား ရ အုံး တော့ မှာ ပဲ လေ လို့ တွေး နေ သတဲ့ ။ ဖိုးအ က ရေခဲမုန့် သည် ကြီး ကို ဒီ မှာ ... ကျုပ် အခု စား လို့ ရှိ ရင် အိမ် မှာ ကျန် ခဲ့ တဲ့ ကျုပ် မိန်းမ ဖို့ လဲ နည်းနည်း ပေး လိုက် အုံး ဗျား ပြော သတဲ့ ။ ရေခဲမုန့် သည် က လဲ သူ့ ဆီ က ဗုံ ကြီး တစ် လုံး ကို ပင် ပေး ရ တာ ကြောင့် အို ... ပေး ရ တာ ပေါ့ ဗျာ ရော့ ... ယူ သွား ပေ တော့ လို့ ဆို ပြီး ရေခဲမုန့် ကို ထည့် ပေး လိုက် တယ် ။ ဖိုးအ လဲ သူ့ မိန်းမ ကို ရေခဲမုန့် ကျွေး ရ တော့ မယ် လို့ ဝမ်းသာ အား ရ နဲ့ ပြန် လာ လေ တယ် ။ အိမ် ရောက် တဲ့ အခါ သူ့ မိန်းမ မယ်န က " ကိုအ ... ဘယ် မှာ လဲ ။ ရှင် ဝယ် ခဲ့ တဲ့ ဝက် ပေါက် ကလေး " လို့ ဆီး ပြီး မေး လေ ရော ။ ဖိုးအ လဲ " အို ကွယ် ... ပြော ရ မှာ အရှည် ကြီး ပါ ။ ဒီ လို ကွဲ့ ။ ကျုပ် ငွေ တစ် ဆယ့်ငါး ကျပ် ယူ ပြီး ဝက် ပေါက် ကလေး ကို ဝယ် တယ် ။ ဝယ် ပြီး တော့ လမ်း မှာ ငန်း ကြီး တစ် ကောင် ကို တွေ့ တာ နဲ့ ဝက် ပေါက် ကလေး နဲ့ လဲ ခဲ့ တယ် ။ နောက် ခွေး လိမ္မာ တစ် ကောင် တွေ့ လို့ ငန်း ကြီး နဲ့ လဲ ခဲ့ တယ် ။ ပြီး တော့ ခွေး လိမ္မာ ကလေး ကို ဗုံ ကြီး နဲ့ လဲ လိုက် တယ် ။ ကျုပ် လဲ ဗုံ ကြီး တီးရင်း ပြန် လာ တော့ လမ်း မှာ ရေခဲမုန့်သည် နဲ့ တွေ့ တာ နဲ့ ရေ က လဲ ဆာဆာ နဲ့ မို့ ရေခဲမုန့် နဲ့ လဲ ပြီး စား ခဲ့ ရ တယ် ။ ဒါပေမဲ့ ကွယ် ... မင်း ဖို့ လဲ ယူ ခဲ့ ပါ သေး တယ် ။ မင်း နဲ့ ငါ နှစ် ယောက် တောင် စား ကြ ရ တယ် ဆို တော့ ရေခဲမုန့်သည် က အင်မတန် သဘော ကောင်း တယ် ကွာ ... ရော့ " ဆို ပြီး လှမ်း ပေး လိုက် လေ တယ် ။ မယ်န လဲ သူ့ လက် ထဲ ရောက် လာ တဲ့ ရေခဲမုန့် ကို မ စား သေး ဘဲ စိတ်ဆိုးဆိုး နဲ့ " ကြည့် စမ်း ... ရှင် ဟာ ငွေ ဆယ့်ငါး ကျပ် ယူ သွား ပြီး အခုတော့ ရေခဲမုန့် ပဲ စား ပြီး ပြန် လာ ခဲ့ တယ် ။ တော်တော် " အ သေး တာ ပဲ " လို့ ပြော လေ တယ် ။ ဖိုးအ က လဲ " အမယ် ... မင်း က ကျုပ် ယူ လာ ခဲ့ တဲ့ ရေခဲမုန့် ကို အရင် မ စား သေး ဘဲ နဲ့ အေးအေးဆေးဆေး မှ စား မယ် ဆို ပြီး ကျူပ် ကို မေး နေ တာ နဲ့ အခုတော့ အရည်ပျော် သွား ပြီ ။ ကျုပ် ယူ လာ ခဲ့ ရဲ့ သား နဲ့ မင်း ‘ အ ’ လို့ သာ ငတ် တာ ပေါ့ ။ တကယ် ဆို ရင် မင်း လဲ ကျုပ် လို အ တာ ပါ ပဲ ကွာ " ဟု ပြန် ပြော လိုက် လေ သတဲ့ ။ ( နုယဉ် ၏ မြန်မာ ပုံပြင် များ မှ )	G10	Upper Secondary
ရေဒီယို အသံလွှင့် ချက် ( တစ် ဦး တည်း အပြော ပုံစံ )	သော တ ရှင် များ ခင်ဗျာ ... ဝင်းဖေ လွယ်အိတ် လို့ ဆို တဲ့ ဝင်းဖေ ဘဝ ထဲ မှာ မန္တလေး တက္ကသိုလ် ကျောင်း ထွက် ၊ လူထု တိုက် ထွက် ဆို တဲ့ ဝိသေသ လေး တွေ က အတော် အရေးကြီး ပါ တယ် ။ မန္တလေး တက္ကသိုလ် ဘဝ အစိတ်အပိုင်း တွေ လည်း ပြော ပြ ချင် ပါ တယ် ။ ဒီ တစ် ပတ် တော့ မန္တလေး လူထု တိုက် ၊ အကြောင်း တွေ ကို ကျွန်တော် ဖြတ်သန်း ခဲ့ ရ သလို ပြော ပြ ချင် ပါ တယ် ။	G10	Upper Secondary
ရေဒီယို အသံလွှင့် ချက် ( တစ် ဦး တည်း အပြော ပုံစံ )	လူထု ဦး လေး လှ နဲ့ လူထု ဒေါ်ဒေါ် မာ တို့ က ကျွန်တော့် ဖခင် ကြီး ရွှေ ပြည် ဦး ဘ တင် ရဲ့ တပည့် တွေ ဖြစ် ကြ ပါ တယ် ။ ကျွန်တော် ကျ တော့ လူထု ဦး လေး လှ နဲ့ လူထု ဒေါ်ဒေါ် မာ ရဲ့ တပည့် ဖြစ် လာ ပြန် ပါ တယ် ။ ၁၉၅ဝ ပြည့် နှစ် နောက်ပိုင်း တွေ နဲ့ ၁၉၆ဝ ပြည့် နှစ် စောစော နှစ် ပိုင်း တွေ မှာ ကျွန်တော် နဲ့ ပေါ်ဦးသက် တို့ ဟာ လူထု သတင်းစာတိုက် ၊ လူထု စာပေ တိုက် အတွက် သရုပ်ဖော် ပန်းချီ ဆရာ တွေ ဖြစ် လာ ကြ ပါ တယ် ။ ဟုတ် ပါ တယ် ... ပေါ်ဦးသက် ဟာ အများ သိ ကြ တဲ့ မြန်မာ သိ ၊ ကမ္ဘာ သိ ပန်းချီ ဆရာ ပေါ်ဦးသက် ပါ ပဲ ။ နောက် တော့ ပေါ်ဦးသက် အကြောင်း သီးခြား တင်ပြ ဖို့ ရှိ ပါ တယ် ။ ကျွန်တော် နဲ့ ပေါ်ဦးသက် တို့ ဟာ လူထု တိုက် မှာ သရုပ်ဖော် ပန်းချီ တွေ အပြင် နေ့စဉ် သတင်းစာ ကာတွန်း တွေ ဆွဲ ကြ ရ တဲ့ သူ တွေ ဖြစ် လာ ကြ ရ ပါ တယ် ။	G10	Upper Secondary
ရေဒီယို အသံလွှင့် ချက် ( တစ် ဦး တည်း အပြော ပုံစံ )	ပေါ်ဦးသက် ဟာ သူ တော် ဆို တဲ့ သူ့ ကိုယ်ပိုင် ဇာတ်ဆောင် ကို မွေး ပြီး တော့ လူထု သတင်းစာ ကျောဖုံး မှာ နေ ရာ ယူ ပါ တယ် ။ ကျွန်တော် က တော့ နေ့စဉ် နိုင်ငံ ရေး ကာတွန်း တွေ ရေး ရ တာ မို့ သတင်းစာ မျက်နှာဖုံး မှာ နေ ရာ ယူ ရ ပါ တယ် ။ ကျွန်တော် နိုင်ငံ ရေး ၊ လူ မှု ရေး ခေတ် ပြောင် ကာတွန်း တွေ ရေး ဖို့ လမ်းညွှန် ချက် နဲ့ ပတ်သက် လို့ ဒေါ်ဒေါ်မာ တို့ က တိုတို နဲ့ ထိ ရောက် အောင် ၊ တစ်သက်လုံး စွဲ သွား အောင် ဆုံးမ ပါ တယ် ။ သူ ပြော ပုံ က " ဒီ လို ကွ ... ငါ ကောလိပ် ကျောင်း သူ ဘဝ က ဦးဘဂျမ်း နဲ့ ကျောင်း နေ ဖက် တွေ ပဲ ။ ဒီ တုန်း က သူ နဲ့ ငါ က နိုင်ငံ ရေး ယုံကြည် ချက်ချင်း မ တူ ကြ ဘူး ကွ ။ သူ က ငါ တို့ ကို သူ တတ် တဲ့ ကာတွန်း ပညာ နဲ့ သရုပ်ဖော် ပြီး လှောင်ပြောင် တယ် ကွ ။ ဒါပေမဲ့ သူ လှောင်ပြောင် ပုံ က သိပ် ပြီး ပညာ သား ပါ တယ် ။ ငါ တို့ က အလှောင်ခံ ရ ပေ မဲ့ ... ဪ ... တို့ က လဲ တို့ ပေ ပဲ ။ သူ လှောင် မယ် ဆို လဲ လှောင် စရာ ပဲ ။ ဟုတ် ပေ သား ပဲ လို့ ဝန်ခံ ကြ လက်ခံ ကြ ရ တယ် ။ ကိုယ် နဲ့ ဆန့်ကျင်ဘက် ဆို ပေ မဲ့ ငါ သူ့ ကာတွန်း တွေ ကို မ ကြိုက် ဘဲ မ နေ နိုင် ခဲ့ ဘူး ။ ဒါ ဟာ သူ့ တွေး ပုံ ၊ ရေး ပုံ ပညာ ပါ ပြီး တရားမျှတ မှု ရှိ လို့ ၊ သိမ်မွေ့ မှု ရှိ လို့ ပါ ပဲ ။ မင်း လဲ ဒီ က နေ့ ခေတ်ပြိုင် နိုင်ငံရေး ကာတွန်း တွေ ရေး တော့ မယ် ဆိုရင် ... ကိုဘဂျမ်း လို အလှောင်ခံ ပုဂ္ဂိုလ် တွေ က တောင် ဒေါသ ဖြစ် ဖို့ ခက် တဲ့ ၊ လူ အားလုံး က လက်ခံ နိုင် တဲ့ ပညာ အမြင် ဟာသ အမြင် မျိုး နဲ့ ရေး နိုင် ရ မယ် " လို့ ဆုံးမ ပါ တယ် ။	G10	Upper Secondary
ရေဒီယို အသံလွှင့် ချက် ( တစ် ဦး တည်း အပြော ပုံစံ )	ကျွန်တော့် တစ်သက် လုံး ဒီ အဆုံးအမ ကို မ မေ့ နိုင် တော့ ပါ ဘူး ။ ကျွန်တော် နောက် က တက် လာ တဲ့ လူငယ် တွေ ကို လဲ ဒေါ် ဒေါ့ ် အဆုံးအမ ကို အမြဲ လက်ဆင့်ကမ်း ပေး ခဲ့ ပါ တယ် ။ ထား ပါ တော့ ။ ဒါ နဲ့ ... ကျွန်တော် နဲ့ ပေါ်ဦးသက် နဲ့ လူထု သတင်းစာ မှာ ကာတွန်း တွေ စ ရေး ကြ ပါ တယ် ။ ကျွန်တော် တို့ က ဒီ တုန်း က မြန်မာ ကာတွန်း အများစု နဲ့ မ တူ တဲ့ ရေးဆွဲ နည်း တွေ နဲ့ ရေး ကြ ပါ တယ် ။ အကြောင်း က တော့ အကြိုက် ချင်း မ တူ ကြ တာ ပါ ဘဲ ။ ကျွန် တော့ အရုပ် တွေ က အများ ပြည်သူ မြင် နေ ကြ ကာတွန်း တွေ နဲ့ မ တူ ပါ ဘူး ။ ဒီ အချက် ကို ဒေါ်ဒေါ် ရော ဦး လေး လှ ရော သိ ကြ ပေ မဲ့ လုံးဝ မ စွက်ဖက် ၊ မ ကန့်ကွက် ပါ ဘူး ။ လွတ်လပ်ခွင့် အပြည့် ပေး ထား ကြ ပါ တယ် ။ ဒါ က လူထု သတင်းစာ ရဲ့ အမာခံ မူဝါဒ ပါ ပဲ ။ လူငယ် တွေ ကို မြေတောင်မြှောက် ပေး တဲ့ နေ ရာ မှာ အနုပညာ အရ လွတ်လပ်ခွင့် အပြည့် ပေး ပါ တယ် ။	G10	Upper Secondary
ရေဒီယို အသံလွှင့် ချက် ( တစ် ဦး တည်း အပြော ပုံစံ )	ပထမ ရေး ပြီး စ တစ် လ လောက် အတွင်း ပြဿနာ တွေ တက် လာ ပါ တယ် ။ အများစု က နယ် က ၊ သတင်း စာဖတ် သူ တွေ က ကျွန်တော် တို့ အရုပ် တွေ ကို အတော် ကြီး မ ကြိုက် ကြ ပါ ဘူး ။ ဒီ ကာတွန်း တွေ ကို သတင်းစာ မှာ ဆက် ထည့် နေ မယ် ဆို ရင် သတင်းစာ ကို ဖြတ် ပစ် မယ် ။ တခြား သတင်းစာ ကို ပြောင်း ယူ တော့ မယ် အထိ စာ ရေး ပြီး တော့ ခြိမ်းခြောက် ပြော ဆို လာ ကြ ပါ တယ် ။ ဒေါ်ဒေါ် က အဲ့ဒီ မ ကျေနပ် တဲ့ စာ တွေ ကို ကျွန်တော် နဲ့ ပေါ်ဦးသက် ကို ပြ ပါ တယ် ။ သတင်း စာဖတ် သူ တချို့ ရဲ့ သဘောထား ပဲ လို့ ပြော ပါ တယ် ။ ဒါပေမဲ့ ကျွန်တော် တို့ ကို ပြောင်း ရေး ဖို့ ပြုပြင် ဖို့ လုံးဝ မ ပြော ပါ ဘူး ။ ကျွန်တော် တို့ က လဲ ပြောင်း ရေး ချင် စိတ် မ ရှိ ပါ ဘူး ။ အဲ့လို မ ကျေနပ် တဲ့ စာ တွေ ဆက် ပြီး လာ နေ ပါ တယ် ။ ကျွန်တော် တို့ နှစ် ယောက် လဲ မ ကြာ ခင် အလုပ် ပြုတ် တော့ မယ် လို့ ထင် လာ ကြ ပါ တယ် ။	G10	Upper Secondary
ရေဒီယို အသံလွှင့် ချက် ( တစ် ဦး တည်း အပြော ပုံစံ )	ဒါပေမဲ့ ကျွန်တော် တို့ ကာတွန်း တွေ ကို အထူးတလည် ချီးကျူး တဲ့ စာ တွေ လဲ ရောက် လာ ပါ တယ် ။ အဲ့ဒီ စာ တွေ ကို မှတ်မိ သလောက် ပြော ရ ရင် လန်ဒန် က ဦး တက် ထွဋ် ၊ ဆရာ ကြီး ဦးခင်မောင်လတ် နဲ့ ဒေါ်ခင်မျိုးချစ် ။ ကြေးမုံ အယ်ဒီတာ ဦး ဝင်း တင် စ သူ တွေ ဖြစ် ပါ တယ် ။ အဲ့ဒီ လို စာ တွေ ကို ဦး လေး လှ က ကျွန်တော် တို့ နှစ် ယောက် ကို ခေါ် ပေး ပြီး တော့ ဒေါ် ဒေါ့ ် ဆီ သွား ပြ ခိုင်း ပါ တယ် ။ သိပ် ကြိုက် ပါ တယ် ဆို တဲ့ စာ တွေ နဲ့ သိပ် မုန်း ပါ တယ် ဆို တဲ့ စာ တွေ နှိုင်းယှဉ် ချိန်ဆ ကြည့် ကြ ပါ တယ် ။ ပြီး တော့ မှ မ ကြိုက် တဲ့ သူ တွေ သတင်းစာ ဖြတ် ခါ မှ ဖြတ် ရော ... ကျွန်တော် တို့ ကာတွန်း တွေ ကို ဖြုတ် မ ပေး နိုင် ဘူး ။ ပြင် မ ပေး နိုင် ဘူး လို့ ဆုံးဖြတ် လိုက် ပါ တယ် ။ ဒီ လို ဆုံးဖြတ် လိုက် တာ ကို ထောက်ခံ တဲ့ အထဲ မှာ ဆရာ ကြီး ရွှေဥဒေါင်း တို့ ဇဝန တို့ လဲ ပါ ပါ တယ် ဆို တဲ့ အကြောင်း တင်ပြ ရင်း ဒီ အပတ် ဒီ မျှ နဲ့ ရပ်နား ထား ပါ ရ စေ ။	G10	Upper Secondary
ရေဒီယို အသံလွှင့် ချက် ( တစ် ဦး တည်း အပြော ပုံစံ )	ကျန်းမာ ချမ်းသာ ကြ ပါ စေ ... ကျွန်တော် ဝင်းဖေ ပါ ။ ( ဝင်းဖေ ၏ လွယ်အိတ် မှ )	G10	Upper Secondary
ဟော ပြော ချက် ( တစ် ဦး တည်း အပြော ပုံစံ )	ဗဟုသုတ လဲ ရှိ အောင် ကျိုး ကြောင်း ဆင်ခြင် ဉာဏ် လဲ ကောင်း အောင် ဘာ လုပ် ရ မ လဲ ဆို တော့ စာဖတ် ရ တယ် ။ စာ များ များ ဖတ် ပါ ။ ဟို ဝတ္ထု ၊ ဒီ ဝတ္ထု လောက် နဲ့ တင် တင်းတိမ် မ နေ နဲ့ ။ ကဗျာ လောက် နဲ့ တင် တင်းတိမ် မ နေ နဲ့ ။ အဲ့ဒီ ဝတ္ထု တို့ ကဗျာ တို့ ဆို တာ နှလုံးသား ကို ရည်ရွယ် တာ ။ ဦးနှောက် က ကောင်း ချင် ရင် သုတ ကို ဖတ် ပါ ။ နှလုံးသား ကို လွှမ်း ချင် ရင် ဝတ္ထု ကို ဖတ် ပါ ။ အဲ့ဒီ တော့ ကိုယ် က ဘာ နဲ့ သွား မ လဲ ။ ဘဝ ကို ကြီးပွား ချင် ရင် နှလုံးသား ကို အားကိုး လို့ မ ရ ဘူး ။ ဦးနှောက် ကို အားကိုး ရ တာ ။ ဦးနှောက် ဖွံ့ဖြိုး ဖို့ သိပ် အရေးကြီး တယ် ။ လူ တော်တော် များ ဟာ နော် ဒီ ကာယဗလ လေ့ကျင့်ခန်း တွေ ကာယဗလ လေ့ကျင့် တာ တွေ ကိုယ်ခန္ဓာ လှပ အောင် သိပ် ကြိုးစား ကြ တယ် ။	G10	Upper Secondary
ဟော ပြော ချက် ( တစ် ဦး တည်း အပြော ပုံစံ )	မိန်းကလေး တွေ ဆို လို့ ရှိ ရင် လဲ ပဲ ဒီ လှပ အောင် ၃၇ - ၂၁ - ၃၇ ဖြစ် အောင် သူ တို့ လဲ ကြိုးစား ပြီး မှန် ရှေ့ မှာ ဟို လှည့် လိုက် ၊ ဒီ လှည့် လိုက် ။ ဒါပေမဲ့ လို့ ဒီ ဥစ္စာ တွေ ဘယ်လောက် ပဲ လှ လှ ဟုတ် လား ။ ကာယဗလ ဘယ်လောက် ပဲ့ ကောင်း ကောင်း အသက် ၄၀ ကျော် သွား ရင် သူ တို့ ဥစ္စာ ဘာ မှ သိပ် အဓိပ္ပါယ် မ ရှိ တော့ ဘူး ။ မိန်းကလေး တွေ က လဲ ဒီ လို ပဲ ။ အိမ်ထောင်ကျ သွား ပြီး တော့ ကလေး တစ် ယောက် နှစ် ယောက် ရ ပြီး တော့ ၃၇ - ၄ ၇ - ၃၇ အဲ့လို ဖြစ် ချင် ဖြစ် သွား ကြ တယ် ။	G10	Upper Secondary
ဟော ပြော ချက် ( တစ် ဦး တည်း အပြော ပုံစံ )	အရင် တုန်း က တော့ ဂီတာ ရှိ တ် ပေါ့ ၊ နောက် တော့ ပီ ပါ ရှိ တ် အဲ့လို ဖြစ် သွား ကြ တယ် ။ အဲ့လို ခဏတစ်ဖြုတ် နှစ် အနည်းငယ် အတွင်း သာ လျှင် အားကိုး ရ တဲ့ အသုံး ကျ တဲ့ ကိုယ်ခန္ဓာ သန်စွမ်း ဖို့ အတွက် ကျ တော့ လူ တွေ ဟာ အဲ့ လောက် ကြိုးစား ကြ ပေ မဲ့ တစ်သက် လုံး မွေး က တည်း က စ သေ သည် အထိ သုံး နေ ရ တဲ့ ဦးနှောက် ဖွံ့ဖြိုး မှု ကျ တော့ သိပ် မ ကြိုးစား ကြ ဘူး ။ အဲဒါ ကို တော့ သတိထား ပါ ။ ဦးနှောက် ဖွံ့ဖြိုး ရ မယ် ။ ဦးနှောက် ဖွံ့ဖြိုး သန်မာ မှ ခေါင်းဆောင် ဖြစ် မှာ ။ ခေါင်းဆောင် ဖြစ် ချင် လို့ ရှိ ရင် စာဖတ် ။	G10	Upper Secondary
ဟော ပြော ချက် ( တစ် ဦး တည်း အပြော ပုံစံ )	စာဖတ် တဲ့ အခါ ကျ တော့ စာဖတ် နည်း ကို ပြော ရ အုံး မယ် ။ ဘာ စာဖတ် ရ မ လဲ ဆို တာ မ မေး နဲ့ ။ အဲ့ဒါ ပြော ဖို့ သိပ် ခက် တဲ့ ကိစ္စ ၊ ဟာ ဒီ စာ သိပ် ကောင်း ပါ တယ် ဆို လို့ သွား ဖတ် လိုက် ။ ပြီး တော့ ဆရာ ရယ် ဘာ စာ ကြီး မှန်း လဲ မ သိ ဘူး ။ ဘာ လုပ် ရ မှန်း ကို မ သိ တော့ ဘူး ။ အဲ့ တော့ လုပ် တဲ့ နည်း ကို အရင် က ဆောင်းပါး လေး တစ် စောင် နှစ် စောင် တော့ ရေး ဖူး တယ် ။ အခု တော့ ဒီ မှာ ထည့် ပြော လိုက် အုံး မယ် ။ အခု တော့ အမွေ ဆို တဲ့ သဘော ဆို တော့ အကုန်လုံး ကို တတ် နိုင် သမျှ ဘဝ အတွက် စုစုပေါင်း ပေါင်း လေး ပါ အောင် လို့ ကျွန်တော် ထည့် ပြော တာ ပါ ။ မဂ္ဂဇင်း တွေ ရှိ တယ် ။ အဲ့ဒီ မဂ္ဂဇင်း အဟောင်း တွေ အပါအဝင် ပေါ့ ။ အားလုံး မဂ္ဂဇင်း ဆယ် မျိုး ဖတ် မယ် ပေါ့ ။ အဲ့ဒီ မဂ္ဂဇင်း ဆယ် မျိုး မှာ ဖတ် လို့ ရှိ ရင် တစ် နှစ် အတွက် ဆို အုပ် တစ်ရာ့နှစ်ဆယ် ပေါ့ ။ အဟောင်း ထဲ က ပြန် ဖတ် ။ အသစ် က စောင့် နေ ရ အုံး မယ် ။ မ လွတ် စေ နဲ့ ။ အဟောင်း ထဲ က ပြန် ရှာ ။ ဖတ် တဲ့ အခါ အဲ့ဒီ အထဲ မှာ ကဗျာ တွေ ကို ဘေးချိတ် ထား ၊ ဆောင်းပါး တွေ ချည်း အရင် ဖတ် ။ ဆောင်းပါး တွေ ကို ချည်း ဖတ် ကြည့် လိုက် ရင် ဘာ သွား တွေ့ ရ မ လဲ ဆို ရင် ဘယ် စာရေးဆရာ ဟာ ဘာ စာ မျိုး တွေ ရေး လေ့ ရှိ တယ် ။ ဘယ် စာ မျိုး ကို ငါ ကြိုက် တယ် ။ ဟော စာရေးဆရာ ကို တွေ့ လာ လိမ့် မယ် ။ ကိုယ့် ကိုယ် ကိုယ် လဲ သိ လာ လိမ့် မယ် ။ အဲ့ဒီ တော့ ငါ ဘယ် စာ မျိုး ကို ကြိုက် တယ် ။ အလိုလို နေ ရင်း ဘယ် စာ မျိုး ဖတ် ရ မယ် ဆို တာ သိ လာ လိမ့် မယ် ။	G10	Upper Secondary
ဟော ပြော ချက် ( တစ် ဦး တည်း အပြော ပုံစံ )	မိမိ ကိုယ် ကို အောင် နိုင် စေ တဲ့ သတ္တိ ပေး တဲ့ စာ မျိုး ၊ အဲ့ဒီ စာ မျိုး တွေ ကို ကြိုးစားပမ်းစား ဖတ် နော် ကိုယ့် ဘဝ တိုးတက် မှု ကို အဲ့ဒီ ကျ လို့ ရှိ ရင် တွေ့ လာ လိမ့် ။ ( အောင် သင်း ၏ အမွေ မှ )	G10	Upper Secondary
ရုပ်ရှင် မင်း သား သာ ဖြစ် လျှင်	သဘာပတိ ကြီး နှင့်တကွ ရွှေ ပွဲ လာ ဧည့်ပရိသတ် တို့ ခင်ဗျား ရုပ်ရှင် မင်း သား တော့ ကျွန်တော် လဲ ဖြစ် ချင် ပါ တယ် ။ လူငယ်လူရွယ် တိုင်း လဲ အဲဒီ အာသီသ တော့ ရှိ လိမ့် မယ် လို့ ကျွန်တော် ယုံကြည် ပါ တယ် ။ လူ တိုင်း လို အများ က စိတ်ဝင်စား ခြင်း ခံ ရ ချင် တယ် ။ ထင် ပေါ် ကျော်ကြား ချင် တယ် ။ ငွေကြေး ချမ်းသာ ချင် တယ် ။ မိမိ ရဲ့ သရုပ်ဆောင် လှုပ်ရှား မှု တွေ ကို ကြည့် ပြီး ကျေနပ် နှစ်သက် ချီးမွမ်း ခြင်း တွေ ကို ခံ ယူ ချင် တာ ဓမ္မ တာ ပါ ပဲ ။ စာ မ တတ် လို့ စာ မ ဖတ် ဖူး ရင် သာ ရှိ မယ် ။ ရုပ်ရှင် မ ကြည့် တတ် လို့ မ ကြည့် ဘူး ဆို တဲ့ လူ တော့ အင်မတန် နည်း ပါ လိမ့် မယ် ။	G10	Upper Secondary
ရုပ်ရှင် မင်း သား သာ ဖြစ် လျှင်	ရုပ်ရှင် ကြည့် ဖူး ရင် အကောင်းအဆိုး ၊ အကျိုး အပြစ် ကို ပြန်လည် ပြီး လေ့လာ ကြ သုံးသပ် ဆွေးနွေး ကြ တဲ့ အကျင့် ကလေး တွေ ရှိ ပါ တယ် ။ ပြည်သူလူထု နဲ့ ဆက်စပ် နေ တဲ့ ရုပ်ရှင် အနုပညာ သည် တွေ ကို လူ တိုင်း က လို စိတ်ဝင်စား ကြ ပါ တယ် ။ သူ တို့ အကြောင်း အကောင်းအဆိုး ကို သတင်းစာ ၊ ဂျာနယ် ၊ မဂ္ဂဇင်း စာစောင် တွေ ထဲ မှာ အကျယ်တဝင့် ဖော်ပြ လေ့ ရှိ ပါ တယ် ။ ဘာ ပြု လို့ လဲ ဆို တော့ ပြည်သူ က စိတ်ဝင်စား ကြ တဲ့ အနုပညာရှင် တွေ ကို သတင်း ပေး ဖို့ လို တဲ့ အတွက် ပါ ပဲ ။	G10	Upper Secondary
ရုပ်ရှင် မင်း သား သာ ဖြစ် လျှင်	" အနုပညာ သည် အနုပညာသမား တို့ အတွက် သာ ဆို တဲ့ " ကြွေးကြော်သံ က နေ ပြီး " အနုပညာ သည် ပြည်သူ့ အတွက် " ဆို တဲ့ ရည်ရွယ် ချက် ကို ဦးတည် အကောင်အထည်ဖော် လာ ကြ တဲ့ ခေတ် မှာ ရုပ်ရှင် မင်း သား ဟာ လဲ ပြည်သူ့ အကျိုး ကို တစ် တပ် တစ် အား သယ်ပိုး ဖို့ တာဝန် ရှိ လာ ပါ တယ် ။ လက်တစ်ဆုပ်စာ ဖြစ် တဲ့ ဓနရှင် တွေ ရဲ့ အသိုင်းအဝိုင်း ကို သာ ဖော်ထုတ် နေ မယ် ဆို ရင် ပြည်သူ့ အကျိုး ကို လျစ်လျူရှု ရာ ၊ ဂရုမစိုက် ရာ ရောက် ပါ တယ် ။ ကျွန်တော် ရုပ်ရှင် မင်း သား ဖြစ် အောင် ကြိုးစား လေ့ကျင့် နေ ပါ တယ် ။ မ ဖြစ် ခင် တော့ ကျွန်တော့် သူငယ်ချင်း တွေ က လဲ အထင်သေး ကြ တယ် ပေါ့ လေ ။ ရုပ်ရှင် ရူး ဆို ပြီး ကွယ် ရာ မှာ ဝိုင်း ဟား နေ ကြ တယ် ။ ဒါပေမဲ့ ကိစ္စ မ ရှိ ပါ ဘူး ။	G10	Upper Secondary
ရုပ်ရှင် မင်း သား သာ ဖြစ် လျှင်	မ အောင်မြင် ခင် တော့ ဒီ လို ပဲ သည်းခံ ရ မှာ ပေါ့ ။ ဒီ နေ့ နာမည် ကြီး ထိပ်တန်း ရုပ်ရှင် မင်း သား ၊ မင်း သမီး တွေ ဟာ ရော စ စ ချင်း ကျော်ကြား မှု ကို ပိုင်ဆိုင် ကြ သလား ၊ ပြန် ကြည့် ရင် တဖြည်းဖြည်း မိမိ ရဲ့ အသွေးအရောင် ပြောင် မှု အတွက် ကျော်ကြား မှု ကို ရ လာ တယ် ဆို ထာ ထင်ရှား ပါ တယ် ။ အဲ့ဒီ တော့ ကျွန်တော် မ ရှက် မ ကြောက် ကြိုးစား ပါ မယ် ။ ရုပ်ရှင် ပညာ သည် တစ် ယောက် ရဲ့ အဓိက အရည်အချင်း ဟာ မ ရှက် မ ကြောက် တတ် ရ ဘူး ဆို တာ ကို လဲ ကျွန်တော် သိ ထား ပါ တယ် ။	G10	Upper Secondary
ရုပ်ရှင် မင်း သား သာ ဖြစ် လျှင်	အဲ ရုပ်ရှင် မင်း သား များ ဖြစ် လာ ခဲ့ ရင် တော့ နေ ပူ ကြီး ထဲ မှာ ဘောင်းဘီ ဖင် ကျပ် ဝတ် ပြီး ဂျာကင် ကြီး တကား ကား နဲ့ အရုပ် မ ဆိုး စေ ရ ပါ ဘူး ။ မြန် ့ မာ ယဉ်ကျေး မှူ ဓလေ့ထုံးစံ နဲ့ ကိုက်ညီ တဲ့ အပြုအမူ သီချင်း တွေ နဲ့ သာ သီဆို သရုပ်ဆောင် သွား မယ် လို့ ကတိပြု ပါ တယ် ။ တစ် နေ့ ပြန် ကြား ရေး ဝန်ကြီးဌာန က ချမှတ် ထား တဲ့ ဆောင် ရန် ရှောင် ရန် အချက်အလက် တွေ ကို တစ် သဝေမတိမ်း လိုက်နာ ပြီး " ရုပ်ရှင် သည် ပြည်သူ့ အတွက် " ဆို တဲ့ ဆောင်ပုဒ် ကို လက်ကိုင် ပြု ကာ တော် တဲ့ မှန်ကန် တဲ့ ရုပ်ရှင် သရုပ်ဆောင် မှု မျိုး ကို ရှေးရှု သွား မယ် ဆို တာ ကတိပြု လို ပါ တယ် ။ နှစ် စဉ် ချီးမြှင့် တဲ့ ရုပ်ရှင် အကယ်ဒမီ ဆု ပေး ပွဲ တွေ မှာ ဆု ရ သူ ဖြစ် လာ နိုင် အောင် လဲ အသွေးအရောင် ပြောင်မြောက် အောင် ကျွန်တော် ကြိုးစား ပါ့ မယ် ။ တိုင်းပြည် နဲ့ လူမျိုး အကျိုး ကို ရှေးရှု တဲ့ ရည်ရွယ် ချက် မျိုး ပါ တဲ့ ကား မျိုး ချည်း သာ စဉ်းစား ရွေးချယ် ရိုက်ကူး သွား မယ် ဆို တဲ့ အကြောင်း ကတိ ပေး ရင်း နဲ့ ရုပ်ရှင် မင်း သား ဖြစ် ခဲ့ လျှင် ဆို တဲ့ အကြောင်း ကို တင်ပြ နိဂုံးချုပ် ပါ တယ် ခင်ဗျာ ။ ( ဦးခင်မောင်ဝင်း ၏ စကား စစ် ထိုး နည်း မှ )	G10	Upper Secondary
စာပေ အင်တာဗျူး ( နှစ် ဦး အပြန်အလှန် အပြော ပုံစံ )	ဝင်းငြိမ်း - ကို မင်းလူ ဘယ် အရွယ် လောက် က စ ပြီး စာ ရေး တာ ဝါသနာ ပါ လာ သလဲ ။	G10	Upper Secondary
စာပေ အင်တာဗျူး ( နှစ် ဦး အပြန်အလှန် အပြော ပုံစံ )	မင်းလူ - ပြော ရ မယ် ဆို ရင် တော့ ကျွန်တော် " ပန်း ကျောင်း " အ မှာ စာ မှာ ရေး ခဲ့ သလို ပါ ပဲ ။ အသက် ခြောက် နှစ် ခုနစ် နှစ် လောက် က ထဲ က ပဲ ဝါသနာ ပါ ခဲ့ တယ် ။ တကယ် ပြော ရ ရင် မွေး က တည်း က ဝါသနာ ပါ လာ တယ် ပြော ရ မယ် ။ စောစော က ပြော သလို ဗီဇ ပါ လာ တာ ကို ။	G10	Upper Secondary
စာပေ အင်တာဗျူး ( နှစ် ဦး အပြန်အလှန် အပြော ပုံစံ )	ဝင်းငြိမ်း – တကယ် စ ရေး ဖြစ် တာ က	G10	Upper Secondary
စာပေ အင်တာဗျူး ( နှစ် ဦး အပြန်အလှန် အပြော ပုံစံ )	မင်းလူ - တကယ် စ ရေး ဖြစ် တာ က ကျွန်တော် အထက်တန်းကျောင်း ( သင်္ကန်းကျွန်း အထ က ၁ ) မှာ က တည်း က နံရံကပ် စာစောင် တွေ စ ရေး ခဲ့ တာ ပဲ ။ ကျောင်း မှာ စာပေ အသင်း ဝင် လုပ် တော့ ဆရာ မ ဒေါ်ခင်ဆွေ မြင့် က အားပေး လို့ ကဗျာ တွေ စ ရေး ခဲ့ တယ် ။ တက္ကသိုလ် ရောက် တဲ့ အခါ ကျ တော့ ကဗျာ တွေ ဝတ္ထု တွေ ရေး ပြီး မဂ္ဂဇင်း တွေ ကို ပို့ တယ် ။ ဒီ လို ပဲ့ ရေး လိုက် ပို့ လိုက် အပယ်ခံ ရ လိုက် နဲ့ မဂ္ဂဇင်း တွေ မှာ တော့ ဖော်ပြ မ ခံ ရ သေး ဘူး အဲ့ တုန်း က ရေး ခဲ့ တာ တွေ ထဲ က ဆို ရင် ကျောင်း နံရံကပ် စာစောင် မှာ ရေး တဲ့ ကဗျာ ပဲ့ အရွေးခံ ရ သေး တယ် ။	G10	Upper Secondary
စာပေ အင်တာဗျူး ( နှစ် ဦး အပြန်အလှန် အပြော ပုံစံ )	မင်းလူ - နောက် ကျောင်း နှစ် လည် မဂ္ဂဇင်း မှာ ကဗျာ တစ် ပုဒ် အရွေးခံ ရ တယ် ။ ကဗျာ နာမည် " စေ့စပ်ကြောင်းလမ်း ပြီး စီး ခြင်း " ၊ အဲ့ဒီ တုန်း က " တော ကျောင်း ဘုန်းကြီး " ဆို တဲ့ က လောင် နာမည် နဲ့ ပဲ ရေး ခဲ့ တာ ပါ ။ အဲ့ဒီ နှစ် ၁၉၇၆ မှာ ပဲ ရုပ်ရှင် ပဒေသာ မဂ္ဂဇင်း မှာ " နေ ဝင် သွား တော့ လ ထွက် သည် " ဆို တဲ့ ဝတ္ထုတို ကလေး ဖော်ပြ ခံ ရ တယ် ။ ဒါ ပထမဆုံး ဝတ္ထု ပဲ ပေါ့ ။	G10	Upper Secondary
စာပေ အင်တာဗျူး ( နှစ် ဦး အပြန်အလှန် အပြော ပုံစံ )	ဝင်းငြိမ်း – လုံး ချင်း အနေနဲ့ ကော	G10	Upper Secondary
စာပေ အင်တာဗျူး ( နှစ် ဦး အပြန်အလှန် အပြော ပုံစံ )	မင်းလူ - ပထမဆုံး လုံး ချင်း က " ပန်း ကျောင်း " ၁၉၇၇ ခုနှစ် မှာ ထွက် တယ် ။ ကဗျာ စာအုပ် ထဲ မှာ " အချစ် လား ဟေ့ ဝင် ခဲ့ လေ ကွယ် " က ၁၉၇၈ ခုနှစ် က ထွက် တယ် ။	G10	Upper Secondary
စာပေ အင်တာဗျူး ( နှစ် ဦး အပြန်အလှန် အပြော ပုံစံ )	ဝင်းငြိမ်း – " အချစ် လား ဟေ့ ဝင် ခဲ့ လေ ကွယ် " မှာ ပါ တဲ့ ကဗျာ တချို့ က တက္ကသိုလ် မှာ တုန်း က တော ကျောင်း ဘုန်းကြီး က လောင် နာမည် နဲ့ ရေး ခဲ့ တာ တွေ ပါ လို့ အ မှာ စာ မှာ ရေး ထား တာ တွေ့ လိုက် ရ တယ် ။ ကို မင်းလူ အနေနဲ့ ကျောင်းသား ဘဝ က ရေး ခဲ့ တဲ့ ကဗျာ တွေ နဲ့ အခု ရေး နေ တဲ့ ကဗျာ တွေ ဘယ်လို ခြားနား တယ် လို့ ခံစား မိ သလဲ ။	G10	Upper Secondary
စာပေ အင်တာဗျူး ( နှစ် ဦး အပြန်အလှန် အပြော ပုံစံ )	မင်းလူ - ကျောင်းသား ဘဝ က ရေး ခဲ့ တဲ့ ကဗျာ တွေ လဲ ကြိုက် တာ ပဲ ။ အခု ရေး တဲ့ ကဗျာ တွေ လဲ ကြိုက် တာ ပဲ ။ တစ် ခု ပဲ ရှိ တယ် ။ အခု ရေး တဲ့ ကဗျာ တွေ က ပို ပြီး ကျယ်ပြန့် လာ တာ ပဲ ရှိ တယ် ။ အပြင် လောက ရောက် လာ တော့ လောက အကြောင်း လူ တွေ အကြောင်း ပို ပြီး သိ လာ တော့ ရေး ရ တာ ပို ပြီး ကျယ်ပြန့် လာ တယ် ။ ဒါ ပဲ ခြားနား ပါ တယ် ။	G10	Upper Secondary
စာပေ အင်တာဗျူး ( နှစ် ဦး အပြန်အလှန် အပြော ပုံစံ )	ဝင်းငြိမ်း - ကဗျာ ရေး တဲ့ နေ ရာ မှာ တချို့ က စကားလုံး ကျစ်လျစ် သိပ်သည်း မှု ၊ အဓိပ္ပာယ် သွယ်ဝိုက် ဖွဲ့နွဲ့ မှု တွေ ကို ဦး စား ပေး ကြ ပြီး တချို့ က တော့ အကြောင်းအရာ ကို တိုက်ရိုက် ဖော်ပြ တဲ့ ကာ ရန် မဲ့ ကဗျာ ပုံစံ မျိုး ကို ကြိုက် ကြ တယ် ။ ကို မင်းလူ ကော ဘယ်လို မြင် ပါ သလဲ ။	G10	Upper Secondary
စာပေ အင်တာဗျူး ( နှစ် ဦး အပြန်အလှန် အပြော ပုံစံ )	မင်းလူ - ကျွန်တော် က တော့ နှစ် မျိုး စလုံး ကြိုက် ပါ တယ် ။ တချို့ ကဗျာ တွေ ကျ တော့ စကားလုံး သိပ် ကျစ် တယ် ။ ကျစ်ကျစ်လျစ်လျစ် ရေး တယ် ။ စကားလုံး တစ် လုံး ဆို ဆို သလောက် အဓိပ္ပာယ် ထိ ရောက် တယ် ။ အဓိပ္ပာယ် က လဲ ဝေ့ ကာ ဝိုက် ကာ ရေး တတ် ကြ တယ် ။ အဲ့ဒီ လို ကဗျာ တွေ လဲ ကြိုက် တော့ ကြိုက် တယ် ။ အခု ထက် ထိ စွဲစွဲလမ်းလမ်း အလွတ် ရ နေ တဲ့ ကဗျာ တွေ လဲ ရှိ ပါ တယ် ။ တစ် ဖက် က ကြည့် ပြန် တော့ စကားလုံး ကျစ်လျစ် ဖို့ လောက် ပဲ ကြိုးစား နေ ရ ပြီး ကဗျာ ဆို တာ လူ နားမလည် လေ ကောင်း လေ ပဲ့ ဆို တဲ့ အယူအဆ ဝင် လာ တယ် ။ အဲ့ဒီ အယူအဆ ကို တော့ ကျွန်တော် လက် မ ခံ ဘူး ။ ကဗျာ ဆို တာ လူ နားမလည် အောင် ရေး ရင် ကဗျာ အဆင့်အတန်းမြင့် တယ် ။ လူ တွေ အများကြီး နားလည် အောင် ရေး ရင် ကဗျာ က ပေါ သွား တယ် ဆို တဲ့ အယူအဆ တွေ တချို့ မှာ ဖြစ် လာ တယ် ။ နောက် ပြော ကြ တာ ရှိ သေး တယ် ။ က ဗှာ ဆို တာ က ဝိ ပညာ ရ ျိ တွေ အတွက် သာ ဖြစ် တယ် ဆို တဲ့ အယူအဆ ။ ဒါ တွေ ကို ကျွန်တော် တို့ လက် မ ခံ ကြ တော့ ဘူး ။ ကဗျာ ဆို တာ ပြည်သူ ပိုင် ပစ္စည်း ။ အားလုံး ပိုင် တယ် ။ အားလုံး နဲ့ ဆိုင် တယ် ။ အားလုံး နားလည် အောင် ရေး နိုင် ရင် ပို ကောင်း တယ် ။ အဲဒီ လို ပဲ ကျွန်တော် တို့ ယူဆ တယ် ။ ( ဝင်းငြိမ်း ၏ မင်းလူ နှင့် တွေ့ဆုံ ခြင်း မှ )	G10	Upper Secondary
အချီအချ ( နှစ် ဦး အပြန်အလှန် အပြော ပုံစံ )	တူ ။ ။ လေးလေး ကို လေးလေး သမီး က ပြော နေ တယ် ။	G10	Upper Secondary
အချီအချ ( နှစ် ဦး အပြန်အလှန် အပြော ပုံစံ )	လေးလေး ။ ။ ဟုတ် လား ၊ ဘာ တဲ့ တုံး ၊ အကောင်း ပြော တာ လား ၊ အဆိုး ပြော တာ လား ။	G10	Upper Secondary
အချီအချ ( နှစ် ဦး အပြန်အလှန် အပြော ပုံစံ )	တူ ။ ။ အကောင်း လား ၊ အဆိုး လား တော့ သား လဲ မ ခွဲ တတ် ဘူး ။	G10	Upper Secondary
အချီအချ ( နှစ် ဦး အပြန်အလှန် အပြော ပုံစံ )	လေးလေး ။ ။ ဆို စမ်း ကွယ် ၊ အကောင်း ဆို ရင် လေးလေး ဝမ်းသာ ရ တာ ပေါ့ ။	G10	Upper Secondary
အချီအချ ( နှစ် ဦး အပြန်အလှန် အပြော ပုံစံ )	တူ ။ ။ အဆိုး ဆို ရင် ကော လေးလေး ။	G10	Upper Secondary
အချီအချ ( နှစ် ဦး အပြန်အလှန် အပြော ပုံစံ )	လေးလေး ။ ။ အဆိုး ဆို ရင် အဲဒီ အတိုင်း ဟုတ် နေ သလား လို့ လေးလေး ကိုယ် လေးလေး စစ်ဆေး မှာ ပေါ့ ၊ ဟုတ် နေ ရင် လေးလေး ပြင်ဆင် ရ မှာ ပေါ့ ၊ သမီး ပြော တာ လွဲ နေ ရင် တော့ ငါ က အကောင်းမြင် ပါ လျက် နဲ့ သူ က ဘာ ကြောင့် အဆိုး ထင် ရ သလဲ ဆို ပြီး ပြန် စစ်ဆေး ကြည့် ရ အုံး မှာ ပေါ့ ။	G10	Upper Secondary
အချီအချ ( နှစ် ဦး အပြန်အလှန် အပြော ပုံစံ )	တူ ။ ။ အဲဒါ ကြောင့် ဖြစ် မှာ ၊ လေးလေး သမီး က ဘာ ပြော တယ် မှတ် လဲ ၊ လေးလေး ဟာ တဲ့ ခု နောက်ပိုင်း စကား သိပ် ပြော လာ တယ် တဲ့ ၊ အရင် က နဲ့ မ တူ ဘူး ၊ အား ကြီး စကား များ လာ တယ် တဲ့ ။ ဒါပေမဲ့ လေး လေ ပြော တဲ့ စကား တွေ ဟာ နားထောင် လို့ ကောင်း တဲ့ အပြင် နားထောင် ပြီး ရင် စိတ် ထဲ စွဲ တယ် တဲ့ ၊ ဟို တုန်း က ဆို ရင် ဆုံးမ ဩဝါဒ တွေ ပေး လွန်း လို့ နား သာ ထောင် နေ ရ တယ် ။ စိတ်ညစ် တယ် တဲ့ ၊ ခု တော့ စကား ပြော ရ တာ နားလည် မှု ရှိ လာ သလို ပဲ တဲ့ ။	G10	Upper Secondary
အချီအချ ( နှစ် ဦး အပြန်အလှန် အပြော ပုံစံ )	လေးလေး ။ ။ ဒီ အထိ တော့ အကောင်း ချည်း ပါ လား သား ရဲ့ ။	G10	Upper Secondary
အချီအချ ( နှစ် ဦး အပြန်အလှန် အပြော ပုံစံ )	တူ ။ ။ နေအုံး လေးလေး ရဲ့ ၊ သူ ပြော တာ ရှိ သေး တယ် ၊ လေးလေး ပြော တာ လေး တွေ က နားထောင် လို့ ကောင်း ၊ စိတ် ထဲ လဲ စွဲ တယ် ဆို ပြီး သား ကို ပြော ပုံ က ကိုကြီး တဲ့ ၊ မိငယ် အဲ လို ပြော တာ လေးလေး ကို သွား မ ပြော လိုက် နဲ့ နော် ၊ စကား များ ရ တဲ့ အထဲ ငါ ပြော တာ ဟုတ် ပါ လား ဆို ပြီး စကား ပို များ လာ မယ် တဲ့ ။	G10	Upper Secondary
အချီအချ ( နှစ် ဦး အပြန်အလှန် အပြော ပုံစံ )	လေးလေး ။ ။ ဟား ... ဟား ... ဒါ လဲ ဟုတ် တာ ပဲ ဟေ့ ၊ မိငယ် ပြော တာ ။ ( ချစ် ဦး ညို ၏ " ညီ မူ ရာ စကားဝိုင်း " မှ )	G10	Upper Secondary
ပြဇာတ် ( နှစ် ဦး အပြန်အလှန် အပြော ပုံစံ )	ညိုညို ။ ။ အပြင် က မိုး သံ လေ သံ ပြင်း လှ ချည် ရဲ့ ဒွေးလေး ရယ် ။	G10	Upper Secondary
ပြဇာတ် ( နှစ် ဦး အပြန်အလှန် အပြော ပုံစံ )	ဒွေးတုတ် ၊ ။ မိုး က လဲ သည်း တုန်း ပဲ လား လုံ မ ရဲ့ ။	G10	Upper Secondary
ပြဇာတ် ( နှစ် ဦး အပြန်အလှန် အပြော ပုံစံ )	ညိုညို ။ ။ သည်း တုန်း ပဲ ဒွေးလေး ရဲ့ ။ မိုး သံ ရော လေ သံ ရော ဗြုန်းဗြုန်း ဗြင်း ဗြင်း နဲ့ ။ စဲ ပဲ မ စဲ နိုင် ဘူး ။ မှောင် လိုက် တာ က လဲ မည်း လို့ ။ လမ်း တောင် မ မြင် ရ တော့ ဘူး ။	G10	Upper Secondary
ပြဇာတ် ( နှစ် ဦး အပြန်အလှန် အပြော ပုံစံ )	ဒွေးတုတ် ။ ။ အေး ---- အေး ---- ဒါ မှ ကောင်း တယ် ။ ( ညိုညို လူး လာ ခတ် ၍ လျှောက် စေ ။ သူ့ အမူအရာ မှာ တစ် စုံ တစ် ခု ကို စောင့် စား နေ ရ သည် ကို မ အောင့် နိုင် သည့် ပမာ ဂနာ မ ငြိမ် ဖြစ် နေ စေ ။ )	G10	Upper Secondary
ပြဇာတ် ( နှစ် ဦး အပြန်အလှန် အပြော ပုံစံ )	ညိုညို ။ ။ ဒွေးလေး ရေ ... ကျွန်မ တံခါး ဖွင့် ပြီး မီး ပြ လိုက် ရ တော့ မ လား ။	G10	Upper Secondary
ပြဇာတ် ( နှစ် ဦး အပြန်အလှန် အပြော ပုံစံ )	ဒွေးတုတ် ။ ။ ဟဲ့ ... ဟဲ့ ... နေ စမ်း ပါ အုံး လုံမလေး ရဲ့ ။ ညည်း ဥစ္စာ က လက် ခေါက် မှုတ်သံ ကြား လို့ လား ။ ( ညို့ညို့ ဘက် သို့ မျှော်လင့်ချက် ကြီး စွာ ဖြင့် ) ဟင် ... ကြား ရ ပ လား ။	G10	Upper Secondary
ပြဇာတ် ( နှစ် ဦး အပြန်အလှန် အပြော ပုံစံ )	ညိုညို ။ ။ ( ခေါင်းခါ ၍ ) ကြား တော့ မ ကြား ရ သေး ဘူး ပေါ့ ဒွေးလေး ရဲ့ ။ နို့ပေမဲ့ ကျွန်မ မီး ပြ လိုက် ရင် ဒီ မှာ အေးအေးချမ်းချမ်း ပဲ့ ဆို တာ သူ သိ ရ ပြီး စိတ် များ အေး သွား လေ မ လား လို့ ။	G10	Upper Secondary
ပြဇာတ် ( နှစ် ဦး အပြန်အလှန် အပြော ပုံစံ )	ဒွေးတုတ် ။ ။ အို ညည်း နှယ့် အေ ၊ ဒီ လို ဆို သူ သာ ပြီး စိတ်ပူ သွား မှာ ပေါ့ အေ ရဲ့ ။ သူ့ အချက် ပေး သံ ကြား ရ မှ တို့ က မီး ပြ ရ မှာ ။	G10	Upper Secondary
ပြဇာတ် ( နှစ် ဦး အပြန်အလှန် အပြော ပုံစံ )	ညိုညို ။ ။ နို့ပေမဲ့ ဒွေး ရယ် ဒီ လို ည မျိုး မှာ ကဲ ... ကဲ သူ က အချက် ပေး ပါ ပြီ တဲ့ ။ ကျွန်မ တို့ က မ ကြား လိုက် လို့ ရှိ ရင် ကော ။	G10	Upper Secondary
ပြဇာတ် ( နှစ် ဦး အပြန်အလှန် အပြော ပုံစံ )	ဒွေးတုတ် ။ ။ ဒီ လောက် လဲ စိတ် မ ပူ ပါ နဲ့ လုံမလေး ရယ် ။ သူ မှာ သလို သာ လုပ် စမ်း ပါ ။ ဪ ... ဟော ဒီ မီးလင်းဖို ကို မီး တစ် ချောင်း လောက် ထိုး ပြီး ဟော ဒီ မှာ ထိုင် စမ်း ပါ အုံး သမီး ရယ် ။ ( မောင် ထင် ၏ အာ စာ န ည် မိခင် မှ )	G10	Upper Secondary
ဝတ္ထု ( နှစ် ဦး အပြန်အလှန် အပြော ပုံစံ )	" ဟင် ဆန်ပြုတ် ကြီး က လဲ ဘယ်လို ကြီး ပါ လိမ့် "	G10	Upper Secondary
ဝတ္ထု ( နှစ် ဦး အပြန်အလှန် အပြော ပုံစံ )	" ဘာ လို့ လဲ ကွ "	G10	Upper Secondary
ဝတ္ထု ( နှစ် ဦး အပြန်အလှန် အပြော ပုံစံ )	" ကို့ ဟာ ဆန်ပြုတ် မှ မ ဟုတ် ဘဲ ။ ပွစိစိ နဲ့ ။ အန် ဖတ် ကြ နေ တာ ပဲ ။ ဒါ ကြောင့် မို့ ကျို တတ် ကဲ့ လား လို့ အစ က မေး တာ ။ ဟို ဘက် ခန်း က မ ပု တင် တို့ အ ကျို ခိုင်း မ လို့ ။ ခု တော့ "	G10	Upper Secondary
ဝတ္ထု ( နှစ် ဦး အပြန်အလှန် အပြော ပုံစံ )	" မင်း အိုး က မှ မ ဆံ့ ဘဲ ကိုး ကွ "	G10	Upper Secondary
ဝတ္ထု ( နှစ် ဦး အပြန်အလှန် အပြော ပုံစံ )	" အိုး နဲ့ မ ဆိုင် ပါ ဘူး ကို ရယ် ။ အိုး သွား အပြစ် မ တင် ပါ နဲ့ ။ "	G10	Upper Secondary
ဝတ္ထု ( နှစ် ဦး အပြန်အလှန် အပြော ပုံစံ )	" အ မယ် ၊ ပထမ စ လယ် ဝင် အိုး နဲ့ ကျို တာ ။ ဆူ လာ တော့ မ ဆံ့ လို့ ဟင်းအိုး ကြီး နဲ့ တောင် ပြောင်း ကျို သေး ။ ဒါ တောင် မ ဆံ့ တာ တော့ မ တတ် နိုင် ဘူး ။ "	G10	Upper Secondary
ဝတ္ထု ( နှစ် ဦး အပြန်အလှန် အပြော ပုံစံ )	" နေ ပါ အုံး ။ ဆန် က ဘယ်လောက် တောင် ထည့် ကျို ထား လို့ လဲ "	G10	Upper Secondary
ဝတ္ထု ( နှစ် ဦး အပြန်အလှန် အပြော ပုံစံ )	" နို့ ဆီ ဘူး တစ် လုံး တည်း ရယ် ကွ ။ နို့ ဆီ ဘူး တစ် ဝက် တည်း ကျို မ လို့ ဟာ နောက် တော့ ငါ လဲ အဆာပြေ သောက် ရ အောင် တစ် လုံး လုံး ကျို လိုက် တယ် ။ "	G10	Upper Secondary
ဝတ္ထု ( နှစ် ဦး အပြန်အလှန် အပြော ပုံစံ )	" အဲ ... ကောင်း ပါ လေ စ တော် ။ ဆန်ပြုတ် ပြုတ် တာ နို့ ဆီ ဘူး တစ် လုံး လုံး တောင် ထည့် ပြုတ် သတဲ့ ။ ဒါ ကြောင့် မို့ အစ က ကျွန်မ မေး တာ ပြုတ် တတ် ကဲ့ လား လို့ ။ အခု တော့ ကြည့် စမ်း ပါ အုံး ။ ဖြစ် နေ လိုက် တာ ။ ဆန်ပြုတ် တဲ့ ။ "	G10	Upper Secondary
ဝတ္ထု ( နှစ် ဦး အပြန်အလှန် အပြော ပုံစံ )	" နို့ ဆီ ဘူး တစ် လုံး ပြုတ် တာ မှား သလား ကွ ။ ၂ လုံး တောင် ချက် နေ တဲ့ အိုး ပဲ ဟာ "	G10	Upper Secondary
ဝတ္ထု ( နှစ် ဦး အပြန်အလှန် အပြော ပုံစံ )	" ထမင်း ချက် တာ ဆန်ပြုတ် ပြုတ် တာ နဲ့ မ တူ ဘူး ကိုယ် တော် ရဲ့ ။ ဆန်ပြုတ် ဆို တာ ပြည် ဝင် အိုး နဲ့ ပြုတ် အုံး တော့ ဆန် လက် တစ် ဆုပ် လောက် ထည့် ရင် တစ် အိုး ကြီး ရ တဲ့ ဥစ္စာ " ( ငွေ ဥဒေါင်း ၏ သိ ပါ ပြီ အမေ ရယ် မှ )	G10	Upper Secondary
စကားဝိုင်း ( ဝိုင်းဖွဲ့ အပြော ပုံစံ )	" သမီး တို့ ရောက် ပါ ပြီ ဆရာ "	G10	Upper Secondary
စကားဝိုင်း ( ဝိုင်းဖွဲ့ အပြော ပုံစံ )	" ကျွန်တော် တို့ လဲ ရောက် ပါ ပြီ ဆရာ "	G10	Upper Secondary
စကားဝိုင်း ( ဝိုင်းဖွဲ့ အပြော ပုံစံ )	" အေးအေး ၊ စကား ဆက် ဖို့ ကျန် နေ သေး တာ ကိုး ကွဲ့ ။ လွတ်လပ် ရေး ခေတ် မှာ တော့ စကားပြေ အရေးအသား ကို အာရုံစိုက် ပြီး စိစစ် ပြ တဲ့ စာရေးဆရာ ကြီး တွေ ရဲ့ အဆိုအမိန့် တွေ ၊ လမ်းညွှန် ချက် တွေ တော်တော် တွေ့ လာ ရ ပါ ပြီ "	G10	Upper Secondary
စကားဝိုင်း ( ဝိုင်းဖွဲ့ အပြော ပုံစံ )	" ဟုတ်ကဲ့ ၊ ဘယ် ဆရာ ကြီး တွေ ပါ လဲ ဆရာ "	G10	Upper Secondary
စကားဝိုင်း ( ဝိုင်းဖွဲ့ အပြော ပုံစံ )	" စကားပြေ အရေးအသား အကြောင်း တော်တော် ကျယ်ကျယ်ပြန့်ပြန့် လမ်းညွှန် တဲ့ ဆရာ ကြီး တစ် ယောက် က တော့ ဆရာ ကြီး ရွှေဥဒေါင်း ပေါ့ ကွယ် "	G10	Upper Secondary
စကားဝိုင်း ( ဝိုင်းဖွဲ့ အပြော ပုံစံ )	" ဟုတ်ကဲ့ ဆရာ ၊ ဆရာ ကြီး ရွှေဥဒေါင်း ရဲ့ " တစ်သက်တာ မှတ်တမ်း နှင့် အတွေးအခေါ် များ " ဆို တဲ့ စာအုပ် ထဲ မှာ စာ အရေးအသား အကြောင်း ပြော ထား တာ တွေ သမီး ဖတ် ဖူး ပါ တယ် ။	G10	Upper Secondary
စကားဝိုင်း ( ဝိုင်းဖွဲ့ အပြော ပုံစံ )	" ကျွန်တော် လဲ ဖတ် ဖူး ပါ တယ် ဆရာ "	G10	Upper Secondary
စကားဝိုင်း ( ဝိုင်းဖွဲ့ အပြော ပုံစံ )	" ဟုတ် ပါ ပြီ ၊ ဆရာ ကြီး ရဲ့ အဲဒီ စာအုပ် ကြီး ဟာ အင်မတန် အရေး ကောင်း တဲ့ ကိုယ်တိုင် ရေး အတ္ထုပ္ပတ္တိ ကြီး ပေါ့ ကွယ် ။ အဲဒီ စာအုပ် မှာ ဆရာ ကြီး က " စာပေ အရေးအသား " အကြောင်း ကို ကဏ္ဍ တစ် ခု အနေနဲ့ ဆွေးနွေး လမ်းညွှန် ထား တယ် "	G10	Upper Secondary
စကားဝိုင်း ( ဝိုင်းဖွဲ့ အပြော ပုံစံ )	ပြော ပြ ပါ ဆရာ	G10	Upper Secondary
စကားဝိုင်း ( ဝိုင်းဖွဲ့ အပြော ပုံစံ )	" ဆရာ ကြီး က စာ ရေး ရာ မ ရှိ မ ဖြစ် အနေနဲ့ သဘောတူ တဲ့ အင်္ဂါ သုံး ရပ် ဆို ပြီး ပြ ထား တယ် ။ အဲဒါ တွေ က " ရိုးရိုး ကလေး ရေး ခြင်း ’ ရယ် ၊ ‘ အဓိပ္ပာယ် ရှင်းရှင်း ရေး ခြင်း ’ ရယ် ‘ ဖတ် ၍ ချော ခြင်း ’ ရယ် အဲဒီ အင်္ဂါ သုံး ရပ် ပါ ပဲ ။ ဒီ အင်္ဂါ ရပ် တွေ ကို ဆရာ ကြီး က ရှင်းပြ ထား သေး တယ် ကွဲ့ "	G10	Upper Secondary
စကားဝိုင်း ( ဝိုင်းဖွဲ့ အပြော ပုံစံ )	" ပြော ပြ ပါ ဆရာ "	G10	Upper Secondary
စကားဝိုင်း ( ဝိုင်းဖွဲ့ အပြော ပုံစံ )	" အချုပ် ပြော ရ ရင် ရိုးရိုး က လေး ရေး ခြင်း ဆို တာ က အဆန်းအကွန့် အညွန့် အတက် တွေ မ ပါ ဘဲ ပုံမှန် အတိုင်း ရိုးရိုး ရေး တာ ကို ဆို လို ပါ တယ် တဲ့ ။ ရှင်းရှင်း ရေး ခြင်း ဆို တာ က တစ် ခေါက် ဖတ် လိုက် တာ နဲ့ အလွယ်တကူ နားလည် နိုင် အောင် ရေး တာ ကို ဆို လို တာ ပါ ။ အဲဒီ နေ ရာ မှာ ဆရာ ကြီး ပေး တဲ့ ဥပမာ က သိပ် ထိ မိ တာ ပဲ ကွဲ့ "	G10	Upper Secondary
စကားဝိုင်း ( ဝိုင်းဖွဲ့ အပြော ပုံစံ )	" ဘယ်လို ပါ လဲ ဆရာ "	G10	Upper Secondary
စကားဝိုင်း ( ဝိုင်းဖွဲ့ အပြော ပုံစံ )	" ဘယ်လောက် ခက် တဲ့ စာ ပဲ ဖြစ် ဖြစ် တစ် ခေါက် ဖတ် လိုက် ရုံ နဲ့ နား သယ် ကို နှက် လိုက် မိ ဘိ သကဲ့သို့ အလန့်တကြား နားလည် စေ တဲ့ စာ ရေး နည်း ဟာ ဆရာ ကြီး သဘောကျ တဲ့ စာ ရေး နည်း ပါ တဲ့ "	G10	Upper Secondary
စကားဝိုင်း ( ဝိုင်းဖွဲ့ အပြော ပုံစံ )	" တော်တော် ထိ မိ တဲ့ ဥပမာ ပဲ နော် "	G10	Upper Secondary
စကားဝိုင်း ( ဝိုင်းဖွဲ့ အပြော ပုံစံ )	" ကြား လိုက် ရုံ နဲ့ တောင် နား သယ် အရိုက် ခံ ရ သလို အလန့်တကြား ဖြစ် လောက် ပါ တယ် "	G10	Upper Secondary
စကားဝိုင်း ( ဝိုင်းဖွဲ့ အပြော ပုံစံ )	" အဲ နောက် အင်္ဂါ ရပ် တစ် ခု က ဖတ် ၍ ချော ခြင်း မ ဟုတ် လား ။ "	G10	Upper Secondary
စကားဝိုင်း ( ဝိုင်းဖွဲ့ အပြော ပုံစံ )	" အဲဒါ က ဖတ် လိုက် တဲ့ အခါ ဒေါင်း ဒေါင်း ဒေါင်း ဒေါင်း ပြေး ပြီး နား ထဲ ကို အလိုက် သင့် ဝင် သွား တဲ့ စာ မျိုး ကို ဆို လို ပါ တယ် တဲ့ ။ "	G10	Upper Secondary
စကားဝိုင်း ( ဝိုင်းဖွဲ့ အပြော ပုံစံ )	" ဆရာ ကြီး ရဲ့ အသုံးအနှုန်း တွေ က သိပ် ကောင်း တာ ပဲ နော် "	G10	Upper Secondary
စကားဝိုင်း ( ဝိုင်းဖွဲ့ အပြော ပုံစံ )	" ဟုတ် ပ ။ ကဲ အဲဒီ စာအုပ် ကို သား ရော သမီး ရော ဖတ် ဖူး တယ် ဆို ။ " ဘာ တွေ များ မှတ်မိ သလဲ ကွယ် ။	G10	Upper Secondary
စကားဝိုင်း ( ဝိုင်းဖွဲ့ အပြော ပုံစံ )	" သမီး က ခွန်အား ရှိ သော စာ ကို ဘယ်လို ရေး ရ မယ် ဆို တာ မှတ်မိ ပါ တယ် ဆရာ "	G10	Upper Secondary
စကားဝိုင်း ( ဝိုင်းဖွဲ့ အပြော ပုံစံ )	" ကျွန်တော် က တော့ ဝါကျ လက်သမား ဆို တဲ့ အသုံးနှုန်း ကို မှတ်မိ ပါ တယ် "	G10	Upper Secondary
စကားဝိုင်း ( ဝိုင်းဖွဲ့ အပြော ပုံစံ )	" ဟုတ် တယ် ။ ဆရာ ကြီး က ခွန်အား ရှိ သော စာ ရေး တတ် ဖို့ ရေး မယ့် အကြောင်းအရာ ကို ကောင်း ကောင်း နားလည် ရ မယ် ။ သင့် တော် တဲ့ စကားလုံး ကို ရွေး ပြီး အချက် ကျ ကျ ရေး တတ် ရ မယ် ။ ကြံ့ခိုင် ကျစ်လျစ် တဲ့ ဝါကျ မျိုး တည်ဆောက် တတ် ရ မယ် ဆို ပြီး အကျယ်တဝင့် ရှင်းပြ ထား တယ် ။ ပြန် ဖတ် ကြည့် ကြ ပေါ့ ကွယ် ။ "	G10	Upper Secondary
စကားဝိုင်း ( ဝိုင်းဖွဲ့ အပြော ပုံစံ )	" ဟုတ်ကဲ့ ပါ ။ "	G10	Upper Secondary
စကားဝိုင်း ( ဝိုင်းဖွဲ့ အပြော ပုံစံ )	" ပြီး တော့ ... စာ ရေး တဲ့ လူ ကို ဝါ က လက်သမား လို့ တင် စား ထား တာ လဲ ... တော်တော် ထိ မိ တယ် ။ စာ ရေး မ ကောင်း ရင် ဆရာ ကြီး ရဲ့ ဝါကျ လက် သမား ကျောင်း က အောင် လက်မှတ် ရ မှာ မ ဟုတ် ဘူး လို့ လဲ သတိပေး ထား သေး တယ် ။ "	G10	Upper Secondary
စကားဝိုင်း ( ဝိုင်းဖွဲ့ အပြော ပုံစံ )	" ဟုတ်ကဲ့ ပါ "	G10	Upper Secondary
စကားဝိုင်း ( ဝိုင်းဖွဲ့ အပြော ပုံစံ )	" ပြော စရာ တွေ က တော့ အများကြီး ပါ ။ ဆရာ ကြီး ပြော ပြ တဲ့ အတွေ့အကြုံ တစ် ခု က စာ ရေး နေ တဲ့ လူ တွေ အတွက် မှတ်သား စရာ သိပ် ကောင်း တာ ပဲ ။ "	G10	Upper Secondary
စကားဝိုင်း ( ဝိုင်းဖွဲ့ အပြော ပုံစံ )	" ပြော ပြ ပါ ဆရာ "	G10	Upper Secondary
စကားဝိုင်း ( ဝိုင်းဖွဲ့ အပြော ပုံစံ )	" အေး ပါ ။ ပြော ပြ ချင် လို့ စကား ခံ နေ တာ ပါ ။ ဆရာ ကြီး ဟာ အင်္ဂလိပ် စာရေးဆရာ ကြီး နှစ် ယောက် ရဲ့ အရေးအသား ကို သဘောကျ လွန်း လို့ ဆရာ တင် ထား တယ် ။ အဲဒီ ဆရာ ကြီး တွေ က " လောဒ်မက္ကောလေး " နဲ့ " ဆောမားဆက်မောမ် " ပါ ။ ဘယ်လောက် သဘောကျ သလဲ ဆို ရင် အဲဒီ ဆရာ ကြီး တွေ ရဲ့ စာ ရေး ပုံ ကို အကြိမ်ကြိမ် ပီတိ သောမနဿ ဖြစ် ပြီး သွေး ထဲ ကို စိမ့်ဝင် လာ တဲ့ အထိ သဘောကျ တယ် တဲ့ ။ အဲဒါ ကို ဆရာ ကြီး ရွှေဥဒေါင်း က သွေး ကူး " ယူ တဲ့ နည်း လို့ ပြော ပြ ထား တယ် ။ အဲဒီ လို သွေး ကူး ယူ ထား တဲ့ အတွက် ဆရာ ကြီး ရဲ့ ဝါကျ တွေ ဟာ သူ့ ဆရာ နှစ် ယောက် ရဲ့ ဝါကျ တွေ လို ပဲ သပ်ရပ် ပြေပြစ် နေ တယ် တဲ့ ။ ဆရာ ကြီး ရွှေဥဒေါင်း သူရိယ သတင်းစာ ခေါင်း ကြီး ပိုင်း ရေး တဲ့ ဝါကျ တွေ ကို တစ် ခါ က ဆရာ ကြီး ပီမိုးနင်း က ဆိပ်ကြီး ပဲ လှော် စား ရ တာ နဲ့ တူ တယ် လို့ မှတ်ချက်ချ ဖူး တယ် တဲ့ ။ ဝါကျ တည်ဆောက် ပုံ ထုံထုံ ထိုင်း ထိုင်း မ ဟုတ် ဘဲ ကြွပ်ကြွပ် ရွရွ ရှိ လှ တဲ့ အကြောင်း ဆရာ ကြီး ပီမိုးနင်း က ရှင်းပြ ပါ သေး သတဲ့ ။ "	G10	Upper Secondary
စကားဝိုင်း ( ဝိုင်းဖွဲ့ အပြော ပုံစံ )	" သိပ် တန်ဖိုး ရှိ တဲ့ မှတ်သား စရာ တွေ ပါ ပဲ ဆရာ "	G10	Upper Secondary
စကားဝိုင်း ( ဝိုင်းဖွဲ့ အပြော ပုံစံ )	" ဆရာ ကြီး ရွှေဥဒေါင်း ရဲ့ စကားပြေ အရေးအသား အကြောင်း ဆွေးနွေး ချက် တွေ ဟာ ဆရာ ကြီး နှစ် ပေါင်း များ စွာ စာ ရေး ခဲ့ တဲ့ အတွေ့အကြုံ က ရ တဲ့ အသိအမြင် တွေ ဖြစ် တဲ့ အတွက် မှတ်သား စရာ တွေ ချည်း ပါ ပဲ ကွယ် ။ "	G10	Upper Secondary
စကားဝိုင်း ( ဝိုင်းဖွဲ့ အပြော ပုံစံ )	" သမီး တို့ သေသေချာချာ ပြန် ဖတ် ပါ့ မယ် ဆရာ " ( မောင် ခင်မင် ( ဓနုဖြူ ) ၏ စာပေ စကားဝိုင်း )	G10	Upper Secondary
လေ့ကျင့် ရန် မေးခွန်း များ ( ပြော ဆို လေ့ကျင့် ရန် )	၁ ။ စကား ပြော ခြင်း သည် အဘယ် ကြောင့် အရေးကြီး သနည်း ။	G10	Upper Secondary
လေ့ကျင့် ရန် မေးခွန်း များ ( ပြော ဆို လေ့ကျင့် ရန် )	များ စရာ တွေ ချည်း	G10	Upper Secondary
လေ့ကျင့် ရန် မေးခွန်း များ ( ပြော ဆို လေ့ကျင့် ရန် )	၂ ။ စကား ပြော ပုံစံ မည် မျှ ရှိ သနည်း ။	G10	Upper Secondary
လေ့ကျင့် ရန် မေးခွန်း များ ( ပြော ဆို လေ့ကျင့် ရန် )	၃ ။ ပြော စကား အမျိုးအစား များ ကို ဖော်ပြ ပါ ။ ပြော စကား အမျိုးအစား တစ် ခု စီ ကို သာဓက ပြ ပါ ။	G10	Upper Secondary
လေ့ကျင့် ရန် မေးခွန်း များ ( ပြော ဆို လေ့ကျင့် ရန် )	၄ ။ စကား ပြော ရာ တွင် သတိပြု ရ မည့် အသံ များ ကို အသုံးပြု ၍ လက်တွေ့ ပြော ဆို ပါ	G10	Upper Secondary
လေ့ကျင့် ရန် မေးခွန်း များ ( ပြော ဆို လေ့ကျင့် ရန် )	၅ ။ စကား ပြော ရာ တွင် မည် သည် တို့ ကို ရှောင်ကြဉ် သင့် သနည်း ။	G10	Upper Secondary
လေ့ကျင့် ရန် မေးခွန်း များ ( ပြော ဆို လေ့ကျင့် ရန် )	၆ ။ အရေး နှင့် အသံ ကွဲပြား ရ ခြင်း ကို ရှင်းပြ ပါ ။	G10	Upper Secondary
လေ့ကျင့် ရန် မေးခွန်း များ ( ပြော ဆို လေ့ကျင့် ရန် )	၇ ။ နှစ်သက် ရာ ခေါင်းစဉ် တစ် ခု ဖြင့် ကျ ပန်း စကား ပြော ပါ ။ ဥပမာ - မိမိ အချစ် ခင် ဆုံး သူငယ်ချင်း အကြောင်း မိမိ လေးစား ကြည်ညို ရ သော ဆရာ အကြောင်း ကျောင်း သွား ကျောင်း ပြန် အတွေ့အကြုံ စိတ်ဝင်စား သော က စား နည်း တစ် မျိုး အနှစ်သက်ဆုံး စား စရာ တစ် မျိုး ( အခြား ဆီလျော် ရာ ခေါင်းစဉ် များ ဖြင့် လည်း ပြော ဆို လေ့ကျင့် ပါ ။ )	G10	Upper Secondary
လေ့ကျင့် ရန် မေးခွန်း များ ( ပြော ဆို လေ့ကျင့် ရန် )	၈ ။ ကျောင်းသား နှစ် ဦး မိမိ တို့ အတွေ့အကြုံ များ ကို အပြန်အလှန် ပြော ဆို ပါ ။	G10	Upper Secondary
လေ့ကျင့် ရန် မေးခွန်း များ ( ပြော ဆို လေ့ကျင့် ရန် )	၉ ။ ကျောင်းသား နှစ် ဦး မိမိ စိတ်ဝင်စား သည့် အကြောင်းအရာ တစ် ခု ကို အပြန်အလှန် ပြော ဆို ပါ ။	G10	Upper Secondary
လေ့ကျင့် ရန် မေးခွန်း များ ( ပြော ဆို လေ့ကျင့် ရန် )	၁၀ ။ နှစ်သက် ရာ ခေါင်းစဉ် တစ် ခု ဖြင့် ကျောင်းသား နှစ် ဦး စကားရည်လု ပါ ။ ဥပမာ – ( ၁ ) နွေရာသီ က ဆောင်း ရာသီ ထက် ပို သာယာ တယ် ။ ( အဆို ) ဆောင်း ရာသီ က နွေရာသီ ထက် ပို သာယာ တယ် ။ ( အချေ ) ( ၂ ) သီချင်း နားထောင် တာ က ရုပ်ရှင် ကြည့် တာ ထက် အပျင်းပြေ တယ် ။ ( အဆို ) ရုပ်ရှင် ကြည့် တာ က သီချင်း နားထောင် တာ ထက် အပျင်းပြေ တယ် ။ ( အချေ ) ( အခြား ဆီလျော် ရာ ခေါင်းစဉ် များ ဖြင့် လည်း ပြော ဆို လေ့ကျင့် ပါ ။ )	G10	Upper Secondary
လေ့ကျင့် ရန် မေးခွန်း များ ( ပြော ဆို လေ့ကျင့် ရန် )	၁၁ ။ ကျောင်းသား များ ကို အုပ်စု ဖွဲ့ ၍ အပြော သင်ခန်းစာ တစ် ခု ခု အကြောင်း စကားဝိုင်း ဆွေးနွေး ပါ ။	G10	Upper Secondary
လေ့ကျင့် ရန် မေးခွန်း များ ( ပြော ဆို လေ့ကျင့် ရန် )	၁၂ ။ ကျောင်းသား များ ကို အုပ်စု ဖွဲ့ ၍ အဖတ်အရွတ် သင်ခန်းစာ တစ် ခု ခု အကြောင်း စကားဝိုင်း ဆွေးနွေး ပါ ။	G10	Upper Secondary
လေ့ကျင့် ရန် မေးခွန်း များ ( ပြော ဆို လေ့ကျင့် ရန် )	၁၃ ။ အောက် ပါ အကြောင်းအရာ ကို စကား ပြော ဟန် ဖြင့် ရေး ပါ ။ ဥပမာ - " စာဖတ် ခြင်း အကျိုးကျေးဇူး "	G10	Upper Secondary
ယောမင်းကြီး စိတ်ဓာတ် ( ကိုလိုနီခေတ် )	" ယောမင်းကြီး စိတ်ဓာတ် " ကို မှော်ဘီ ဆရာ သိန်း ရေး သော မြန်မာ လွှတ်တော် ဝန်ကြီး ၊ မှူး ကြီး များ ၏ အတ္ထုပ္ပတ္တိ " စာအုပ် မှ ကောက်နုတ် သည် ။	G10	Upper Secondary
ယောမင်းကြီး စိတ်ဓာတ် ( ကိုလိုနီခေတ် )	မှော်ဘီ ဆရာ သိန်း ကို မြန်မာ သက္ကရာဇ် ၁၂ ၂ ၃ (ခရစ်နှစ် ၁၈၆၁ ) တွင် ဖွားမြင် သည် ။ မြန်မာ သက္ကရာဇ် ၁ ၃ဝ ၃ (ခရစ်နှစ် ၁၉၄၁ ) တွင် ကွယ်လွန် သည် ။ ဇာတိ မှာ မှော်ဘီ မြို့နယ် မင်း ရွာ ၊ ငယ် မည် မှာ မောင်ဖိုးသိန်း ဖြစ် ၏ ။ ငယ်စဉ် က ဆင်းရဲနွမ်းပါး ခဲ့ ၍ ပညာ ကို ဖြောင့်ဖြောင့် မ သင် ခဲ့ ရ ဘဲ အလုပ် မျိုးစုံ လုပ် ရင်း ပညာ ရှာ ရ သည် ။ ကျွဲ ကျောင်းသား ၊ လှေထိုးသား ၊ လယ်ကူလီ ၊ အလမ္ပာယ်ပြသူ ၊ ဇာတ်လူပြက် ၊ ဆိုင်း နောက် ထ ၊ ဇာတ် သီချင်း ရေး သူ ၊ ရုပ်စုံစင် အပျိုတော် ကိုင် စသည် ဖြင့် အကြမ်းအနု စုံ အောင် လုပ် ခဲ့ ဖူး သည် ။ ထို့နောက် ကြေး တိုင် စာ ရေး ၊ မြို့ အုပ် စာ ရေး ၊ အင်္ဂလိပ် အရေး ပိုင် များ အိမ် တွင် ဘဏ္ဍာစိုး ၊ စားပွဲထိုး ၊ မြန်မာ စာ ပြ ဆရာ စသည် ဖြင့် လည်း လုပ် ဖူး သည် ။ ထို့ပြင် ကျောက်စာ ကူး သူ ၊ စာပုံနှိပ်တိုက် စာ ရေး ၊ သတင်းစာတိုက် စာ ရေး စသည် ဖြင့် လည်း ဘဝ မျိုးစုံ ကျင်လည် ဖူး သည် ။ ဤ သို့ ဘဝ မျိုးစုံ ၊ အတွေ့အကြုံ မျိုးစုံ ကို တွေ့ကြုံ ခဲ့ ရ သော ကြောင့် ဗဟုသုတ မျိုးစုံ ကို ဟင်းလေးအိုး သဖွယ် ၊ အရူး လွယ်အိတ် သဖွယ် စုဆောင်း တင်ပြ နိုင် ခဲ့ သည် ။	G10	Upper Secondary
ယောမင်းကြီး စိတ်ဓာတ် ( ကိုလိုနီခေတ် )	အင်္ဂလိပ်စာ ၊ အင်္ဂလိပ် ယဉ်ကျေး မှု ကို ရှေး တန်း တင် နေ သော ကိုလိုနီခေတ် တွင် ဆရာ သိန်း သည် မြန်မာ နိုင်ငံ အရပ်တကာ သို့ မနားတမ်း လှည့်လည် သွား ရောက် ကာ မြန်မာ မှု ၊ မြန်မာ စာပေ ၊ မြန်မာ ရာဇဝင် တို့ ကို အပတ်တကုတ် ရှာဖွေ စုဆောင်း ဖော်ထုတ် ခဲ့ သည် ။ အင်္ဂလိပ် အရာ ရှိ ကြီး များ ထံ တွင် မင်း ပါး စိုး ခွင် ဝင် ခဲ့ ရ သော်လည်း ခေါင်းပေါင်းဖြူ ဖော့ လုံး နှင့် ဖျင်အင်္ကျီ ၊ ဖျင်လုံချည် ၊ တောင်ရှည်ပုဆိုး တို့ ကို သာ ဝတ်ဆင် ပြီး ယွန်းအစ် ၊ ယွန်းဒေါင်းလန်း တို့ ကို သာ အမြဲ အသုံးပြု ခဲ့ သည် ။ မြန်မာ ဆန်ဆန် လည်း စားသောက် နေ ထိုင် ခဲ့ သည် ။	G10	Upper Secondary
ယောမင်းကြီး စိတ်ဓာတ် ( ကိုလိုနီခေတ် )	ဆရာ သိန်း သည် ပေါရာဏဒီပနီ နှစ် တွဲ ၊ အရူး လွယ်အိတ် စာတမ်း နှစ် တွဲ ၊ ပါးစပ် ရာဇဝင် နှစ် တွဲ ၊ ယျ လေး လုံး ပုံပြင် ၊ ဗျိုင်း နား မင်္ဂလာ စာတမ်း ၊ ရှေး ဖြစ် နှောင်း ဖြစ် စာတမ်း ၊ ဟင်းလေးအိုး ၊ မြန်မာ့ လွှတ်တော် ဝန်ကြီး မှူးကြီး များ အတ္ထုပ္ပတ္တိ စ သော မြန်မာ မှု မြန်မာ စာပေ နှင့် မြန်မာ ရာဇဝင် ဆိုင်ရာ စာအုပ်စာတမ်း အမျိုးမျိုး အပြင် စာနယ်ဇင်း များ တွင် လည်း စာပေ ယဉ်ကျေး မှု ဆိုင်ရာ ဆောင်းပါး များ စွာ ရေး ခဲ့ သည် ။	G10	Upper Secondary
ယောမင်းကြီး စိတ်ဓာတ်	တစ် ခါ သော် လက်ဝဲ ရေ ကြောင်း ဗိုလ်မင်း အိမ် ၌ မြင်း ထိန်း နေ သော ငတာ ဆို သူ သည် အလှူ မ သာ ရှိ ရာ တို့ ၌ သူငယ်ချင်း များ ကို " ဟေ့ ရွှေပြည်ဝန်ကြီး ရေး တဲ့ ဝိမုတ္တိရသကျမ်း ၊ ကာယာနုပဿနာ ကျမ်း ၊ ဥတုဘောဇနသင်္ဂဟ ကျမ်း များ ကို ကြည့် ကြ ပါ ကွယ် ။ ဝိမုတ္တိရသကျမ်း မှာ ဆို ထား လိုက် တာ ဘာ ပြော ဖို့ ရှိ မ လဲ ။ လွန် ရော ။ ကာယာနုပဿနာ ကျမ်း မှာ မိန်းမ အူ ဘယ် မျှ ရှည် သည် ။ ယောက်ျား အူ ဘယ် မျှ ရှည် သည် ။ ကလေး များ အဘယ် အရွယ် ရှိ တဲ့ အခါ ငို သော အား သည် အချိန် မည် မျှ ရှိ သည် ဆို ထား လိုက် တာ ကွယ်လွန် ရော ။ ဥတုဘောဇနသင်္ဂဟ ကျမ်း က အစားအသောက် အစာ အမျိုးမျိုး ၊ ရေချိုး နည်း ၊ နံ့သာလိမ်း ရ သော နည်း ၊ အသား ကို စား နည်း များ ကို ဆို ထား လိုက် တာ ကွယ် ။ အသက် ရှည် ဖို့ ချည်း ပဲ ကွဲ့ ။ ဖတ် ကြ ပါ ကွယ် " ဟု အပြော များ သည် ကို နေ ရာ တိုင်း ကြား ဖန် များ သဖြင့် ရွှေပြည်ဝန်ကြီး ၏ အိမ် ဦး စာ ရေး တစ် ယောက် က မ ခံ ချင် သော ကြောင့် ဤ အကြောင်း ကို လျှော င် တင် လေ ၏ ။	G10	Upper Secondary
ယောမင်းကြီး စိတ်ဓာတ်	ဤအခါ ဝန်ကြီး မင်း က " ဘယ် က ငတာ လဲ ကွဲ့ " ဟု မေး ရာ " လက်ဝဲ ကြောင်း ဗိုလ်မင်း အိမ် က မြင်း ထိန်း ငတာ ဖြစ် ကြောင်း ပါ ဘုရား " ဟု လျှောက် ရာ " အ မယ် မင်း သည် အကောင် ကို အမြန် သွား ခေါ် စမ်း ပါ ကွယ် " ဟု မိန့်တော်မူ သည့် အတိုင်း သွား ခေါ် ၍ ငတာ ရောက် လာ လျှင် ဝန်ကြီး မင်း က " ဟဲ့ ငတာ မောင် မင်း ငါ ရေး သား တဲ့ ကျမ်း များ ကို လူတကာ ကြည့်ရှု ရန် တိုက်တွန်း ပြော ဆို သည် လို့ ငါ ကြား ရ တယ် ။ ဟုတ်ကဲ့ လား ။ ဤ အခါ ငတာ က ဝမ်းသာအားရ နှင့် " မှန်ပါ ဘုရား " ဟု လျှောက်ထား ရာ " ဘယ် ကျမ်း များ ကို မောင် မင်း ပြော ပြသ တုံး ဗျာ " ။	G10	Upper Secondary
ယောမင်းကြီး စိတ်ဓာတ်	" မှန် ပါ ။ ဝိမုတ္တိရသကျမ်း ၊ ကာယာနုပဿနာ ကျမ်း ၊ ဥတုဘောဇန ကျမ်း များ ဖြစ် ပါ ကြောင်း ဘုရား ။ " " မောင် မင်း ၎င်း ကျမ်း များ ကို ကြည့် ဖူး ပါ သလား ဗျာ " ။ " မ ကြည့် ဖူး ပါ ။ " " မ မြင် လဲ မ မြင် ဖူး ပါ ။ သူ တို့ လူ ကြီး များ ပြော ကြ သည် ကို ကြား ရ ၍ ဘုရား ကျွန်တော် မျိုး လဲ လူ တွေ့ တိုင်း ပြော ပြ ကြောင်း ပါ ဘုရား ။ "	G10	Upper Secondary
ယောမင်းကြီး စိတ်ဓာတ်	ဤအခါ ရွှေပြည်ဝန်ကြီး က ဒေါင်းဒင်္ဂါး ၁၆ ပြား ထုတ် ပေး ၍ " ရော့ ၎င်း ငွေ နှင့် မောင် မင်း ပုဆိုး ဝယ် ၍ ဝတ် လေ ။ နောက် ကို ယနေ့ က စ ၍ ငါ ရေး သော ကျမ်း များ ကို လူ တွေ့ တိုင်း မ ချီးမွမ်း လေ နဲ့ ။ ကြည့်ရှု ရန် မ တိုက်တွန်း လေ နဲ့ နော် ကြား လား ။ မှတ် သွား လေ ။ " ဤ အခါ ငတာ က " ဘာ ကြောင့် ပါ လဲ ဘုရား " ဟု လျှောက် ရာ ဝန် မင်း ကြီး က " နင် မှ စာ မ တတ် ဘဲ နဲ့ ငါ ရေး တဲ့ စာ တွေ ချီးမွမ်း ပါ လျှင် ငါ ပါ ပစ် ရ နေ မှာ ပေါ့ ။ မ တတ် တဲ့ သူ က ချီးမွမ်း ပြော ဆို ခြင်း သည် ငါ့ ကို သတ် သည် နှင့် တူ သည် ။ နင် နောက်ထပ် ဘယ် သောအခါ မှ မ ပြော နဲ့ နော် ။ ခွေး မ သား မှတ် သွား လေ " ဟု မိန့်တော်မူ လိုက် ၏ ။	G10	Upper Secondary
ယောမင်းကြီး စိတ်ဓာတ်	ငတာ ပြန် လာ သောအခါ အသိ သူငယ်ချင်း များ က " ဟေ့ ငတာ ။ မင်း ကို ဝန်ကြီး မင်း က ဘာ အကြောင်း ကြောင့် ခေါ် သလဲ ။ " ဟု မေး ရာ ငတာ က " မ မေး ကြ နဲ့ ကွယ် ။ ဝန်ကြီး မင်း က ငါ့ ကို နှုတ်ပိတ် ဒေါင်းဒင်္ဂါး ၁၆ ပြား သနား တော် မူ လိုက် တယ် ။ မ ပြော ဘူး ကွယ် " လို့ ငြင်း ဆို ခြင်း ပြု လေ သည် ။	G10	Upper Secondary
ယောမင်းကြီး စိတ်ဓာတ်	တစ် ရံ သော် နန်းတော် ကြီး ၌ နေ့ ညီလာခံ တွင် မင်းတရား ကြီး နှင့် အတွင်း ရေး ကိစ္စ ပြော ဆို ကြ ရာ အတိုက်အခံ အငြင်း ဖြစ်ပွား လျက် ရှိ ကြ ရာ ရွှေပြည်ဝန်ကြီး က " အစ်မ နှမ ၊ သမီး က ကို ၊ စ ၍ ဆက် နှင်း ၊ လက်ဆောင် သွင်း ၍ ၊ စိုး မင်း ချစ် မြတ် ၊ ထို အမတ် သည် ၊ အတတ် မ ရှိ ၊ သတ္တိ ကင်း ကွာ ၊ ဘုန်းကြီးလှာ မူ ၊ ပြည် ရွာ ပျက် ကြောင်း ၊ တစ် ပါး တည်း ဟု ရှိ ပါ ကြောင်း ဘုရား " ဟု တင် လျှောက် လေ ၏ ။	G10	Upper Secondary
ယောမင်းကြီး စိတ်ဓာတ်	ဤအခါ ဘုန်းတော်ကြီး ဘုရား က " ငလှိုင် ၊ သည် လှံ ကို ကြည့် စမ်း ။ မည် သူ ကိုင် တဲ့ လှံ တုံး ။ " ဟု မေး တော် မူ ရာ " အ ရှင့် ခမည်းတော် ဘုရား ကိုင် တော် မူ သော လှံ ဖြစ် ပါ ကြောင်း " ကို လျှောက် သည် ။ မင်း တရား ကြီး က " ငါ့ ခမည်းတော် သည် ဤ လှံ နှင့် မည် သူ ကို စီရင် သနည်း ။ " ဟု မေး တော် မူ ရာ " ကျွန်တော် မျိုး ကျေးဇူး ရှင် အဖ ကို စီရင် ပါ ကြောင်း " လျှောက် ၏ ။ " ဤ လှံ တော် နှင့် မောင် မင်း စီရင် ခြင်း ကို ခံ လို သလား " ဟု မေး တော် မူ ရာ ရွှေပြည်ဝန်ကြီး က " ထိုး တော် မူ ပါ ဘုရား " ဟု ရင်ဘတ် ကို ကော့ ၍ ပေး တော် မူ လေ သည် ။ မင်း တရား ကြီး လည်း လှံ တော် ကို ကိုင် ၍ အတွင်း တော် သို့ ဝင် တော် မူ လေ သည် ။	G10	Upper Secondary
ယောမင်းကြီး စိတ်ဓာတ်	ကျန်ရစ် သော ဝန်ကြီး များ က " ဝန်ကြီး မင်း မ လဲ တင်းတင်းမာမာ ရဲ ပဲ ရဲ လွန်း လှ သ ဗျာ " ဟု ပြော ကြ သည် ။ " ကျွန်ုပ် သည် လှံ နှင့် ထိုးသတ် ၍ သေ ရ ခြင်း ကာ မြတ် သည် ။ နေ ရာ တိုင်း မင်း လို လိုက် ၍ စီမံ သော် မ ကောင်း မှု ဖြစ်ပွား နေ သည့် အတွက် သေ သွား သောအခါ ရွှေပြည်ဝန်ကြီး သည် မင်း လို လိုက် မင်း ကြိုက် တင် သည့် အတွက် နိုင်ငံတော် ပျက်စီး ရ ခြင်း ဖြစ် ရ လေ သည် ဟု ဤ နာမည် မျိုး ကျန်ရစ် ခဲ့ ပါ လေ လျှင် သေ ကျိုးမနပ် ဖြစ် သည် ။ ထို မ ကောင်း သော အပုပ်နံ့ သည် တထောင်းထောင်း နှင့် လူ အပေါင်း တို့ နှာခေါင်းရှုံ့ ကြ မည် ကို ကြောက် စရာ ကောင်း သည် ။ မှူးမတ် ဆို သည့် အတိုင်း အကြီးအမှူး ဖြစ် ကြ ၍ တည့်တည့်မတ်မတ် ဖြစ် အောင် စီမံခန့်ခွဲ လျက် လျှောက် တင် ခွင့် ရှိ က အသက် ကို စွန့် ၍ ရဲရဲဝံ့ဝံ့ တင် ကြ ရ မည် ။ သို့ မှ မှူးမတ် နှင့် တူ မည် ဟု ပြော ပြ လေ သည် ။ နောက် တစ် နေ့ အကျယ်ချုပ် နှင့် ရာထူး မှ လျှောချ ထား ခြင်း ကို ခံ ရ လေ သည် ။ ၂ဝ ရာ စု မှော်ဘီ ဆရာ သိန်း	G10	Upper Secondary
ခက်ဆစ် အဖွင့်	၁ ။ ကာယာနုပဿနာ ကျမ်း = ကိုယ် ခန္ဓာ ကို အဖန်ဖန် ရှု ဆင်ခြင် ရန် ပြ ဆို သော ကျမ်း ။	G10	Upper Secondary
ခက်ဆစ် အဖွင့်	၂ ။ ဝိမုတ္တိရသ ကျမ်း = နိဗ္ဗာန် ၏ အရသာ ကို ဖော် ပြ သော ကျမ်း ။	G10	Upper Secondary
ခက်ဆစ် အဖွင့်	၃ ။ နှာခေါင်း ရှုံ့ = ကဲ့ရဲ့ ပြစ်တင် သည် ။	G10	Upper Secondary
ခက်ဆစ် အဖွင့်	၄ ။ နှုတ် ပိတ် = မ ပြော ဘဲ နေ သည် ။ မ ပြော ရန် ဟန့်တား သည် ။	G10	Upper Secondary
ခက်ဆစ် အဖွင့်	၅ ။ ဥတုဘောဇနသင်္ဂဟ ကျမ်း = ရာသီဥတု နှင့် ကိုက်ညီ သော အစားအစာ ကို ပြ သော ကျမ်း ။	G10	Upper Secondary
သင်ခန်းစာ ဆိုလိုရင်း	ယောမင်းကြီး ၏ ပညာ မြတ်နိုး သော စိတ်ဓာတ် ၊ မိမိ အသက် ဘေး ကို ပင် မ ငဲ့ ဘဲ မှန် ရာ ကို ရဲရဲဝံ့ဝံ့ ပြော ဆို ရဲ သော စိတ်ဓာတ် ကို ဖော်ပြ ထား သည် ။	G10	Upper Secondary
လေ့ကျင့်ခန်း မေးခွန်း များ	၁ ။ ငတာ နှင့် ယောမင်းကြီး တို့ ၏ အပြန်အလှန် ပြော စကား ကို သင် မည် သို့ နားလည် သနည်း ။ သင့် စကား ဖြင့် ပြန် ရေး ပြ ပါ ။	G10	Upper Secondary
လေ့ကျင့်ခန်း မေးခွန်း များ	၂ ။ မင်းတုန်းမင်းတရား ကြီး နှင့် ယောမင်းကြီး တို့ ၏ အပြန်အလှန် ပြော စကား ကို သင် မည် သို့ နားလည် သနည်း ။ သင့် စကား ဖြင့် ပြန် ရေး ပြ ပါ ။	G10	Upper Secondary
လေ့ကျင့်ခန်း မေးခွန်း များ	၃ ။ ယောမင်းကြီး သည် မည်သည့် စိတ်ဓာတ် မျိုး ရှိ သူ ဖြစ် သနည်း ။ အထောက်အထား ဖြင့် ဆွေးနွေး ပါ ။	G10	Upper Secondary
လေ့ကျင့်ခန်း မေးခွန်း များ	၄ ။ " ရွှေပြည်ဝန်ကြီး သည် မင်း လို လိုက် မင်း ကြိုက် တင် သည့် အတွက် နိုင်ငံတော် ပျက်စီး ရ ခြင်း ဖြစ် ရ လေ သည် ဟု ဤ နာမည် မျိုး ကျန်ရစ် ခဲ့ ပါ လေ လျှင် သေ ကျိုးမနပ် ဖြစ် သည် " ဟူသော စကား ကို သင် မည် သို့ နားလည် သနည်း ။	G10	Upper Secondary
လေ့ကျင့်ခန်း မေးခွန်း များ	၅ ။ ယောမင်းကြီး စိတ်ဓာတ် စကားပြေ ကို ဖတ် ပြီး မည် သို့ ခံစား ၊ ထင် မြင် မိ ပါ သနည်း ။	G10	Upper Secondary
ဝီရိယ နှစ် မျိုး ( ကိုလိုနီခေတ် )	" ဝီရိယ နှစ် မျိုး " ကို လယ်တီပဏ္ဍိတ ဦးမောင်ကြီး ရေး သော " နီတိမဉ္စရီ " ကျမ်း စာအုပ် မှ ကောက်နုတ် သည် ။	G10	Upper Secondary
ဝီရိယ နှစ် မျိုး ( ကိုလိုနီခေတ် )	လယ်တီပဏ္ဍိတ ဦးမောင်ကြီး သည် ခရစ်နှစ် ၁၈၇၉ ခုနှစ် တွင် မွေးဖွား သည် ။ မုံရွာ ခရိုင် ချောင်းဦး မြို့ အနီး ညောင်ဖြူပင် ရွာ ဇာတိ ဖြစ် သည် ။ ငယ် မည် မှာ မောင်သန့်စင် ဖြစ် သည် ။ ငယ်ရွယ်စဉ် က ညောင်ဖြူပင် ရွာ ဘုန်းတော်ကြီးကျောင်း ၌ ပညာသင် ခဲ့ သည် ။ လယ်တီ ဆရာတော် ထံ ပညာ ဆည်းပူး ပြီး အရွယ် ရောက် လာ လျှင် လယ်တီ ဆရာတော် က ရဟန်း ပြု ပေး သည် ။ ရဟန်း ဘွဲ့ မှာ ရှင်ပဏ္ဍိတ ဖြစ် သည် ။ ပါဠိ စာပေ ကျမ်းဂန် များ ၊ ကဗျာ လင်္ကာ များ ကို လယ်တီ ဆရာတော် ထံ တွင် ဆက်လက် ဆည်းပူး ပြီး သက္ကတ စာပေ များ ကို ဝိသုဒ္ဓါရုံ ဆရာတော် ထံ တွင် ဆက်လက် ဆည်းပူး သည် ။ လယ်တီ တိုက် မှ လာ သူ ဖြစ် ၍ လယ်တီပဏ္ဍိတ ဟု ခေါ် သည် ။ ရဟန်း ၉ ဝါ အရ တွင် လူ ဝတ် လဲ ၍ စာပေ များ ပြုစု သည် ။ လယ်တီပဏ္ဍိတ ဦးမောင်ကြီး ဟု ထင်ရှား သည် ။ လယ်တီပဏ္ဍိတ ဦးမောင်ကြီး သည် မြန်မာ့အလင်း မဂ္ဂဇင်း ၊ ပညာ့အလင်း မဂ္ဂဇင်း တို့ တွင် အယ်ဒီတာ အဖြစ် လည်းကောင်း ၊ ဒဂုန်မဂ္ဂဇင်း တွင် အယ်ဒီတာချုပ် အဖြစ် လည်းကောင်း ဆောင်ရွက် ခဲ့ သည် ။ မဂ္ဂဇင်း ခေါင်း ကြီး များ ၊ ဆောင်းပါး များ ၊ ဝတ္ထု များ ၊ ကဗျာ များ ရေး သား ခဲ့ သည် ။ ပါဠိ ကဗျာ များ ကို မှီး ၍ မြန်မာ ရှစ် လုံး ဘွဲ့ ကဗျာ ပုံစံ သစ် ကို တီထွင် ခဲ့ သည် ။ တို့ဗမာအစည်းအရုံး တွင် လည်း သခင် အဖြစ် ဝင်ရောက် ဆောင်ရွက် ခဲ့ သည် ။ ၁၉၃၉ ခုနှစ် တွင် ကွယ်လွန် သည် ။	G10	Upper Secondary
ဝီရိယ နှစ် မျိုး ( ကိုလိုနီခေတ် )	လယ်တီပဏ္ဍိတ ဦးမောင်ကြီး သည် ကျမ်းဂန် ပေါင်း ၅ဝဝ ကျော် ပြုစု ခဲ့ သည် ။ ထို သို့ စာပေ များ ပြုစု ခဲ့ သည့် အတွက် ရန်ကုန် တက္ကသိုလ် က ဂုဏ်ထူးဆောင် မဟာဝိဇ္ဇာဘွဲ့ အပ်နှင်း ခဲ့ သည် ။ လယ်တီပဏ္ဍိတ ဦးမောင်ကြီး ၏ စာပေ ကျမ်းဂန် များ တွင် စာဏကျနီတိ ၊ နီတိမဉ္စရီ ၊ နီတိမာလာ စ သော နီတိကျမ်း များ ၊ တပင်ရွှေထီး ၊ ရွှေ ပြည် ကြီး ၊ နတ်ရှင်နောင် ၊ ဗညားနွဲ့ ၊ ခင် မြင့်ကြီး ၊ သန်းသန်း ၊ တင်တင်မြ စ သော ဝတ္ထု များ ၊ ထေရီ ဘာသာ ပြန် ၊ ထ ေ ရာ ဘာသာ ပြန် စသည် တို့ ပါ ဝင် သည် ။	G10	Upper Secondary
ဝီရိယ နှစ် မျိုး	ပြုလုပ် အား ထုတ် ခြင်း တည်းဟူသော ဝီရိယ သည် မှား သော ဝီရိယ ၊ မှန် သော ဝီရိယ ဟူ၍ နှစ် မျိုး ရှိ လေ ၏ ။ မှန် သော ဝီရိယ နှင့် ပြုလုပ် မှ ဟုတ် မှန် သော အကျိုးစီးပွား ကို ရ နိုင် သည် ။ မှား သော ဝီရိယ နှင့် ပြုလုပ် သောအခါ တစ်စုံတစ်ရာ အကျိုး ရှိ မည် မ ဟုတ် ဘဲ ပင်ပန်းနွမ်းနယ် ခြင်း သာ လျှင် အဖတ်တင် ခံ ရ လိမ့် မည် ။ ပညာ သင်ကြား ခြင်း ၊ ကုန်သွယ် လယ် လုပ် ခြင်း စ သော အကျိုး ဖြစ်ထွန်း မည့် အရာ တို့ ၌ အား ထုတ် ကြိုးစား ခြင်း အလုပ် သည် မှန် သော ဝီရိယ မျိုး ဖြစ် ၍ အခွင့် သင့် သောအခါ မှန် စွာ အကျိုး ရှိ ၍ လာ လိမ့် မည် ။ မှား သော ဝီရိယ သည် ပိုးစုန်းကြူး ကို မီးပွား ထင် ၍ မီးတောက် အောင် အစွမ်းကုန် မှုတ် သော လူ မိုက် ကြီး ၏ အား ထုတ် မှု ကဲ့သို့ သော ဝီရိယ ဖြစ် ၍ တစ်စုံတစ်ရာ အကျိုး ရှိ မည် မ ဟုတ် ချေ ။ အရာ မ ဟုတ် သည် ၌ ကြိုးစား မှု ကို မှား သော ဝီရိယ ၊ အရာ ဟုတ် သည် ၌ ကြိုးစား မှု ကို မှန် သော ဝီရိယ ဟု ဆို လို သည် ။	G10	Upper Secondary
ဝီရိယ နှစ် မျိုး	ဗျိုင်း ကို အား ထုတ် ၍ စကား သင် သော်လည်း ကျေး သား ကဲ့သို့ တတ် မည် မ ဟုတ် သဖြင့် ထို အား ထုတ် သော ဝီရိယ ကို အမှား ဟူ၍ ဆို ရ ၏ ။	G10	Upper Secondary
ဝီရိယ နှစ် မျိုး	ထို ကဲ့သို့ အရာ မ ဟုတ် ရာ ၌ အား ထုတ် သော ဝီရိယ များ သည် အား ကုန် ခန်း ၍ ပင်ပန်း ခြင်း မှ တစ် ပါး တစ်စုံတစ်ရာ အကျိုး ရှိ မည် မ ဟုတ် ချေ ။ အချို့ သော ဝီရိယ များ ကို ဆောင်ရွက် သော အတိုင်း ဖြစ် မြောက် ပါ သော်လည်း အမှား ပင် ဟူ၍ ဆို ရ ပြန် ၏ ။ အလွန် ရေ ပေါ သော အရပ် ဌာန ၌ ရေကန် တူး သော ဝီရိယ ၊ ကုန်းခေါင်ခေါင် မှာ မြေ တောင် ဖို့ ၍ တံတား ခင်း သော ဝီရိယ မျိုး ကဲ့သို့ တည်း ။	G10	Upper Secondary
ဝီရိယ နှစ် မျိုး	အချို့ သော သူ တို့ သည် လည်း ဝီရိယ ကို အလွဲသုံးစား သဖြင့် အကျိုး မ များ ဘဲ အမှားမှားအယွင်းယွင်း ဖြစ် တတ် ခြင်း များ လည်း ရှိ လေ သေး ၏ ။ ခြင်္သေ့ မင်း ကြီး ဖြစ် လျက် ဖွတ် ၊ ပု တတ် များ ကို ရှာဖွေ နေ သော ဝီရိယ ၊ ဘုရင်မင်းမြတ် ဖြစ် လျက် ပန်းပြောက် ပန်းပု အရုပ် ထု နေ သော ဝီရိယ ၊ ရဟန်း ဖြစ် လျက် တော တောင် အတွင်း မှာ ထင်းခွေ သော ဝီရိယ ၊ သစ် ဆွဲ သော ဆင် ကို ကောက်ရိုး လှည်း တွင် ရုန်း စေ သော ဝီရိယ ၊ ဤ ကဲ့သို့ မ ဆိုင်ရာ ၌ အသုံးပြု သော ဝီရိယ မျိုး များ ကို လည်း အမှား ဟူ၍ ဆို ရ လေ သည် ။	G10	Upper Secondary
ဝီရိယ နှစ် မျိုး	နှေး စွာ ပြု သင့် သော ဝီရိယ ၊ လျင် စွာ ပြု သင့် သော ဝီရိယ ဟူ၍ နှစ် မျိုး ရှိ ပြန် ရာ ဆိုင်ရာ ဌာန တွင် ဆိုင်ရာ ဝီရိယ ကို သုံးစွဲ ရာ ၏ ။ နှေး စွာ ပြု ရ မည့် အရာ တွင် လျင်မြန် စွာ ပြု က အကျိုး မ ရှိ ၊ လျင် စွာ ပြု ရ မည့် အရာ တွင် နှေး စွာ ပြု က လည်း အကျိုး မ ပြီး ဖြစ် တတ် သည် ။ မိုး မ ရွာ ခင် က ကောက်စိုက် ခြင်း စ သော ဝီရိယ မျိုး သည် မ လျင် တန် ဘဲ လျက် အလျင်အမြန် ပြု သော ဝီရိယ မျိုး မည် ၏ ။ " မိုး လွန် မှ ထွန်ချ ၊ နေ ဝင် မှ စပါး လှန်း " ဆို သော ဝီရိယ မျိုး သည် မ နှေး သင့် ဘဲ လျက် နှေး ကန် သော ဝီရိယ မျိုး မည် ၏ ။	G10	Upper Secondary
ဝီရိယ နှစ် မျိုး	အလျင်အမြန် မ ပြု တန် ဘဲ ပြုလုပ် သောအခါ ဖြစ် က တတ် ဆန်း နှင့် အစ မ သေသပ် ဘဲ ခိုင်မြဲ တည်တံ့ ခြင်း မ ရှိ ချေ ။ သေသပ် လွန်း အား ကြီး စွာ နှင့် အလွန်တရာ နှေးနှေး ကန် ကန် ပြု ပြန် ပါ က လည်း အပြီး မ သတ် နိုင် ဘဲ ရှိ တတ် သည် ။ " ဆင် ချည် သော ကြိုး နှင့် ကြက် ကို ချည် လျှင် မ မြဲ ၊ ကြက် ချည် သော ကြိုး နှင့် ဆင် ကို ချည် လျှင် မ ခိုင် " ဆို သော စကား မျိုး ကဲ့သို့ ဝီရိယ အကြီး ၊ အငယ် များ ကို လည်း အရာ ဌာန အားလျော်စွာ သတိထား သင့် ပေ သေး သည် ။	G10	Upper Secondary
ဝီရိယ နှစ် မျိုး	သို့ ဖြစ် ၍ နှေး သင့် ရာ ၌ နှေး စွာ ၊ မြန် သင့် ရာ ၌ မြန်မြန် မှန်ကန် သော ဝီရိယ ကို အသုံးပြု သင့် ကြ ပေ သည် ။ ဉာဏ် မ ယှဉ် သော ဝီရိယ သည် လည်း အကျိုး ကို မ ဖြစ်စေ တတ် ၊ ဥပမာ - လွန် စွာ စက် အားသန် သော သင်္ဘော ကြီး ကို ပဲ့ တက် မ ပါ ဘဲ ပင်လယ် ထဲ သို့ လွှတ် လိုက် သောအခါ လို ရာ သို့ မ ရောက် ဘဲ က မောက် က မ ဦး လှည့် မိ ရာ သို့ ရောက် သွား လိမ့် မည် ။ ဉာဏ် သည် ပဲ့ တက် နှင့် တူ ၏ ။ ဝီရိယ သည် စက် အား နှင့် တူ ၏ ။ ပဲ့ တက် ဖြင့် စက် ခုတ် သော အင်အား နှင့် တူ သည့် ဝီရိယ အရှိန် ကို ပဲ့ပြင် ၍ ပေး ရာ ၏ ။	G10	Upper Secondary
ဝီရိယ နှစ် မျိုး	ကံ ၊ ဉာဏ် ၊ ဝီရိယ ဟူ၍ တရား သုံး မျိုး ရှိ ခဲ့ ရာ ကံ သည် ကား အလုပ်ခွင် ၊ ဝီရိယ သည် အလုပ် ၊ ဉာဏ် သည် အလုပ်သမား များ ကို နည်း ပေး လမ်းညွှန် ပြု သော ဆရာ ကြီး နှင့် တူ ၏ ။ သို့ ဖြစ် ၍ ကံ အလုပ်ခွင် မှာ ဉာဏ် ကို ဆရာ တင် ၍ ဝီရိဘ အလုပ်သမား တို့ ကို အကျိုးစီးပွား ဖြစ်ထွန်း အောင် ခိုင်း စေ အသုံးပြု ရာ သည် ။ ဝီရိယ သည် လူ တို့ ၏ တန်ခိုး အင်အား ကြီး ဖြစ် ၍ ဝီရိယ ကို လျှော့ လိုက် လျှင် တန်ခိုး သေးသိမ် ခြင်း သို့ ရောက် လိမ့် မည် ။	G10	Upper Secondary
ဝီရိယ နှစ် မျိုး	ကမ္ဘာ မြေပြင် ပေါ် မှာ သွား လာ စားသောက် နေ ထိုင် ကြ ကုန် သော သတ္တဝါ အနန္တ တို့ သည် ဝီရိယ အစွမ်း ကို သာ အမှီပြု ကြ ရ ကုန် ၏ ။ ဤ ကမ္ဘာ ကြီး ပေါ် မှာ ရှိ ရှိ သမျှ သတ္တဝါ တို့ သည် မိမိ တို့ ဆိုင်ရာ ဆိုင်ရာ ဝီရိယ ကို အသုံးမပြု ပါ က အလုံးစုံ ပျက်စီး ခြင်း သို့ ရောက် ကြ ကုန် လိမ့် မည် ။ သို့ ဖြစ် ၍ ကမ္ဘာ ၏ အင်အား ဖြစ် သော ဝီရိယ စက် ကို ထက်မြတ် စွာ လှည့်လည် သင့် ကြ ပေ သတည်း ။ ၂ဝ ရာ စု လယ်တီပဏ္ဍိတ ဦးမောင်ကြီး	G10	Upper Secondary
ခက်ဆစ် အဖွင့်	၁ ။ က မောက် က မ = တိမ်း လွဲ ချွတ်ချော် လျက် ။	G10	Upper Secondary
ခက်ဆစ် အဖွင့်	၂ ။ ဖြစ် က တတ် ဆန်း = ဖြစ် သည် ဆို ရုံ မျှ ၊ ပြီး စ လွယ် ။	G10	Upper Secondary
ခက်ဆစ် အဖွင့်	၃ ။ ဝီရိယ = ကြိုးစား အား ထုတ် မှု ၊ လုံ့လ ၊	G10	Upper Secondary
ခက်ဆစ် အဖွင့်	၄ ။ အနန္တ = အတိုင်း မ ရှိ ။	G10	Upper Secondary
သင်ခန်းစာ ဆိုလိုရင်း	ဝီရိယ နှစ် မျိုး ရှိ သည် ။ အရာ မ ဟုတ် သည် တို့ ၌ ကြိုးစား သော ဝီရိယ နှင့် အရာ ဟုတ် သည် တို့ ၌ ကြိုးစား သော ဝီရိယ တို့ ဖြစ် သည် ။ မှား သော ဝီရိယ နှင့် မှန် သော ဝီရိယ ဟု ဆို နိုင် ပါ သည် ။ ထို့ပြင် မိမိ လုပ် မည့် ကိစ္စရပ် ပေါ် မူတည် ၍ လည်း ဝီရိယ ကြီး ငယ် ကို မျှတ စွာ အသုံးပြု တတ် ရ မည် ။ မှန်ကန် သော ဝီရိယ ရှိ မှ သာ မိမိ ဘဝ တိုးတက် မည် ဖြစ် သည် ။	G10	Upper Secondary
လေ့ကျင့်ခန်း မေးခွန်း များ	၁ ။ ဝီရိယ နှစ် မျိုး ဟူ သည် မည် သည် တို့ နည်း ။ ဝီရိယ နှစ် မျိုး ကွဲပြားခြားနား ပုံ ကို အကျိုး အပြစ် များ နှင့်တကွ ဖော်ပြ ပါ ။	G10	Upper Secondary
လေ့ကျင့်ခန်း မေးခွန်း များ	၂ ။ ဝီရိယ ကို မည် သည့် အရာ နှင့် ယှဉ် သင့် သနည်း ။	G10	Upper Secondary
လေ့ကျင့်ခန်း မေးခွန်း များ	၃ ။ သင် ဝီရိယ ဖြင့် ပြုလုပ် ခဲ့ သည့် အတွက် အောင်မြင် ခဲ့ သော လုပ် ရပ် တစ် ခု ကို ဖော်ပြ ပါ ။	G10	Upper Secondary
လေ့ကျင့်ခန်း မေးခွန်း များ	၄ ။ သင် ဝီရိယ ဖြင့် ပြုလုပ် သော်လည်း မ အောင်မြင် ခဲ့ သည့် လုပ် ရပ် တစ် ခု ကို ဖော်ပြ ပါ ။ အဘယ် ကြောင့် မ အောင်မြင် ရ သည် ဟု သင် ထင် မြင် ယူဆ သနည်း ။	G10	Upper Secondary
လေ့ကျင့်ခန်း မေးခွန်း များ	၅ ။ ဝီရိယ ရှိ ခြင်း သည် အကျိုးစီးပွား ကို ရ ရှိ နိုင် သည် ဟူသော အဆို ကို ထောက်ခံ ဆွေးနွေး ပါ ။	G10	Upper Secondary
စာဖတ် ခြင်း အလေ့ ( ကိုလိုနီခေတ် )	" စာဖတ် ခြင်း အလေ့ " ကို ဇေယျ ရေး သော " သူ ကြီး ဂေဇက် စာစောင် ခေါင်း ကြီး ပိုင်း " မှ ကောက်နုတ် သည် ။	G10	Upper Secondary
စာဖတ် ခြင်း အလေ့ ( ကိုလိုနီခေတ် )	ဇေယျ သည် ဇီးကုန်း မြို့ ဇာတိ ဖြစ် ပြီး ၁၉၀၀ ပြည့် နှစ် တွင် ဖွားမြင် သူ ဖြစ် သည် ။ အမည် ရင်း ဦး ယော ဖြစ် သည် ။ ဇီးကုန်း အေဘီအမ် အလယ်တန်း ကျောင်း ၊ သာယာဝတီ က ရင် အထက်တန်းကျောင်း ၊ ပြည် အစိုးရ အထက်တန်းကျောင်း တို့ တွင် ပညာ သင်ကြား ခဲ့ သည် ။ ပြည် အစိုးရ အတက် တန်း ကျောင်း မှ ဆယ်တန်း အောင် သည် ။	G10	Upper Secondary
စာဖတ် ခြင်း အလေ့ ( ကိုလိုနီခေတ် )	၁၉၂၀ ပြည့် နှစ် တွင် ဒဂုန်မဂ္ဂဇင်း တွင် လက်ထောက် အယ်ဒီတာ အဖြစ် ဆောင်ရွက် ရင်း ဗိုလ် ရန် အောင် ဝတ္ထု ကို စတင် ရေး သား သည် ။ မြတ် လေး ရွှေဓားဗိုလ် ၊ လိုက် တော် မူ ခဲ့ ၊ ရွှေချိုးဖြူ စ သည့် ဝတ္ထု များ ရေး သား ခဲ့ သည် ။ ဇေယျ သတင်းစာ ကို တည်ထောင် သည် ။ လန်ဒန် စာပေ မဂ္ဂဇင်း ၊ ဗြိတိသျှဘားမား မဂ္ဂဇင်း ၊ ဓူဝံ မဂ္ဂဇင်း ၊ ဓူဝံ ဂျာနယ် တို့ တွင် အယ်ဒီတာ အဖြစ် ဆောင်ရွက် သည် ။ ပြန် ကြား ရေး ဌာန ညွှန်ကြားရေးဝန် အဖြစ် ထမ်းဆောင် ခဲ့ ပြီး စာပေ ယဉ်ကျေး မှု ဆိုင်ရာ အဖွဲ့အစည်း များ တွင် ပါ ဝင် ဆောင်ရွက် ခဲ့ သည် ။ မြန်မာ နိုင်ငံ သုတေသန အသင်း ၊ တက္ကသိုလ် မြန်မာ စာ သင်ကြား ရေး အဖွဲ့ တို့ တွင် လည်း ပါ ဝင် ဆောင်ရွက် ခဲ့ သည် ။ စာရေးဆရာ အသင်း ဥက္ကဋ္ဌ အဖြစ် တာဝန် ယူ ခဲ့ သည် ။ ဝဏ္ဏကျော်ထင် ဘွဲ့ ( ၁၉၅၀ ) ၊ သီရိပျံချီ ဘွဲ့ ( ၁၉၅၅ ) တို့ ချီးမြှင့် ခံ ရ သည် ။ ၁၉၅၉ ခုနှစ် ဇူလိုင် လ တွင် တရုတ် ပြည်သူ့ သမ္မတ နိုင်ငံ သို့ ယဉ်ကျေး မှု မစ်ရှင် အဖွဲ့ ကို ခေါင်းဆောင် ၍ သွား ရောက် ခဲ့ သည် ။ စာပေ ယဉ်ကျေး မှု ဆောင်းပါး များ စွာ ရေး သား ခဲ့ သည် ။	G10	Upper Secondary
စာဖတ် ခြင်း အလေ့ ( ကိုလိုနီခေတ် )	ဇေယျ ၏ စာ များ ကို စုစည်း ထုတ်ဝေ သော စာအုပ် များ မှာ တော ကြီး မာယာ ၊ ဆောင်း ဟေ မန် ၊ ဇေယျ ဝတ္ထုတို များ မြန်မာ့ မျက်ပွင့် ( ရွာ ဓလေ့ ၊ လူ ဓလေ့ ) ၊ မြန်မာ့ မျက်ပွင့် ( စာ ဓလေ့ ) ၊ စာ သဘင် ၊ ဇေယျ ၏ စာ ၊ ဇေယျစာတမ်း ၊ မြန်မာ့ စာ မြန်မာ့ စိတ် မြန်မာ့ ဟန် ၊ သိန်း လေး ဆယ် ၊ စာ တွေ့ ငါ တွေ့ ၊ ဗမာ့ အရေး နှင့် အနုပညာ အသွေး ၊ မှတ်တမ်း ဝင် ဗမာ့ အရေးအခင်း များ စသည် တို့ ဖြစ် သည် ။ မြန်မာ့ မျက်ပွင့် ( ရွာ ဓလေ့ ၊ လူ ဓလေ့ ) စာအုပ် ဖြင့် ၁၉၆၁ ခုနှစ် စာပေဗိမာန် စာ ပဒေသာ ဆု ရ ရှိ ခဲ့ သည် ။ မင်း လက်ျာ ၊ သီလ ဝံ ဟူသော က လောင် အမည် ခွဲ များ နှင့် လည်း စာပေ များ ကို ရေး သား ပြုစု ခဲ့ သည် ။	G10	Upper Secondary
စာဖတ် ခြင်း အလေ့ ( ကိုလိုနီခေတ် )	၁၉၈၂ ခုနှစ် တွင် ကွယ်လွန် သည် ။	G10	Upper Secondary
စာဖတ် ခြင်း အလေ့ ( ကိုလိုနီခေတ် )	လောက ၌ လူ တို့ သည် မိမိ တို့ ဓမ္မ တာ သဘာဝ အားလျော်စွာ ဆောင်ရွက် ပြုကျင့် နေ ကြ သော အလုပ် အဆောင် ဟူ သရွေ့ တို့ ကို အလေ့အထ က စီမံ လျက် ရှိ ကြောင်း နှင့် သိ ပြီး ဖြစ် ပေ သည် ။ လောက ၌ လူ တို့ အပြု အကျင့် တွင် အထူး အခြား ဖြစ် သော အခုန်အပေါက် ၊ အပြေးအလွှား ၊ အတက်အဆင်း ၊ ရေကူးရေငုပ် စ သည့် အရာ များ ကို သာ လျှင် အလေ့အကျင့် ပြု ရ သည် မ ဟုတ် ။ အထူး အခြား မ ဟုတ် သာမန် အလုပ် စာရင်း ၌ ထည့်သွင်း ရ သော ထမင်း စား ခြင်း ၊ ရေ သောက် ခြင်း ၊ အိပ်စက် ခြင်း ၊ စကား ပြော ခြင်း ၊ အသက်ရှူ ခြင်း အစ ရှိ သည် တို့ မှာ လည်း အလေ့အထ သာ လျှင် အရင်းခံ ၍ ဖြစ် ပေါ် လာ ခြင်း များ ဖြစ် ပေ သည် ။ ခြားနား သည့် အချက် မှာ တစ် ခု တွင် လူ တို့ တတ်ကျွမ်း လို သော ဆန္ဒ တိုက်တွန်း ချက် ဖြင့် အထူး ဂရုတစိုက် လုံ့လ ထုတ် ၍ လေ့ကျင့် မှ ရ နိုင် သည် ဖြစ် ၍ အခြား တစ် ခု မှာ မူ ကား မ စား လျှင် မ နေ နိုင် ၊ မ သောက် လျှင် မ နေ နိုင် ၊ မ အိပ် လျှင် မ နေ နိုင် သော လူ တို့ သဘာဝ တရား က တိုက်တွန်း နှိုးဆော် ချက် ဖြင့် အထူး ဂရုတစိုက် အား ထုတ် ရ သည် မ ရှိ ဘဲ အလိုအလျောက် ပင် ဖြစ် လာ သော အလေ့အကျင့် များ ဖြစ် ချေ သည် ။	G10	Upper Secondary
စာဖတ် ခြင်း အလေ့ ( ကိုလိုနီခေတ် )	ဤ သို့ လူ တို့ ၏ အလုပ် ကိစ္စ အဆောင်အရွက် ဟူသမျှ တို့ ကို အလေ့အကျင့် က စီမံ ဖန်တီး ပေး လျက် ရှိ ရာ စာပေ ဖတ်ရှု မှတ်သား ခြင်း မှာ ဤ အလေ့အကျင့် ၏ စက် အတွင်း က လွတ်ကင်း သည် မ ရှိ ဖြစ် ချေ သည် ။ သို့ နှင့် အချို့ သော သူ တို့ သည် အခြား သော အရာ ကိစ္စ ကို လို လျှင် အလေ့အကျင့် ပြု သော်လည်း စာပေ ဖတ်ရှု ခြင်း နှင့် စပ်လျဉ်း သောအခါ မူ ကား အလေ့အကျင့် ပြု မှ ရ နိုင် မည် ကို သတိ မ ထား ၊ ဖတ် လို သောအခါ ဖတ် နိုင် သည် ဟု အထင် ရှိ ကာ ဖတ် လို မှတ် လို သောအခါ မှ ဖတ်ရှု ခြင်း ပြု ကြ လေ သည် ။ ထိုအခါ ဖတ် လေ့ မှတ် လေ့ မ ရှိ သော ကြောင့် မ ဖတ် နိုင် မ မှတ် နိုင် သည် ကို တွေ့ ရ သောအခါ စိတ်ပျက် လျက် တောင် တောင် မြောက် မြောက် အပြစ် ဖို့ ခြင်း ပြု တတ် ကြ လေ သည် ။	G10	Upper Secondary
စာဖတ် ခြင်း အလေ့ ( ကိုလိုနီခေတ် )	စင်စစ် အား ဖြင့် စာဖတ် ခြင်း သည် လူ တို့ ၌ ထမင်း စား ခြင်း ၊ ရေ သောက် ခြင်း ၊ အသက်ရှူ ခြင်း တို့ ကဲ့သို့ ပင် အရေးကြီး သော ဆောင်ရွက် ဖွယ် တစ် ရပ် ဖြစ် ပေ သည် ။ ထမင်း စား ခြင်း ၊ ရေ သောက် ခြင်း စသည် တို့ မှာ ကိုယ်ကာယ ၏ အာဟာရ ကို ဖြည့်တင်း ရုံ မျှ သာ ဖြစ် ၍ စိတ် ၏ အလိုဆန္ဒ အာဟာရ ကို မ ဖြည့်တင်း နိုင် ချေ ။ စိတ် မှာ လည်း ကိုယ်ကာယ ကဲ့သို့ ပင် ပညာ ဗဟုသုတ တည်းဟူသော အာဟာရ လို ပေ သည် ။ ထက်သန် သော စိတ် မျိုး တို့ မှာ ထို သို့ သော အာဟာရ မျိုး ကို လွန် စွာ တောင့်တ လျက် ထို ထို ဤ ဤ ကြံဆ ဆင်ခြင် ခြင်း ကို အမြဲ မ ပြတ် ပြု ၍ နေ တတ် ရာ မိမိ အနီး ပတ်ဝန်းကျင် ရှိ အရာ များ ဖြင့် သာ လျှင် တင်းတိမ် ရောင့်ရဲ ခြင်း မ ရှိ ။ လမ်း ပြ သဖွယ် ဖြစ် သော ပညာ ဗဟုသုတ တို့ ကို များ စွာ လို ပေ သည် ။ ထိုအခါ စာဖတ် ခြင်း အလေ့ သည် အလွန့်အလွန် အသုံးဝင် လာ လေ သည် ။	G10	Upper Secondary
စာဖတ် ခြင်း အလေ့ ( ကိုလိုနီခေတ် )	ကမ္ဘာ့ လူမျိုး တို့ ၌ ယဉ်ကျေး သည် ၊ ရိုင်းစိုင်း သည် ဟူ သည် မှာ ပညာ ဗဟုသုတ ရှိ သည် မ ရှိ သည် ကို လိုက် ၍ ဖြစ် ချေ သည် ။ ပညာ ဗဟုသုတ ကို နုတ်ပယ် ထား လိုက် ပါ မူ လူယဉ်လူရိုင်း ဟူ၍ ကွဲပြားခြားနား ခြင်း ရှိ ကြ တော့ မည် မ ဟုတ် ချေ ။ ပညာ ဗဟုသုတ တိုးပွား ကြီးကျယ် သလောက် လူ တို့ ၏ အခြေအနေ လည်း တိုးတက် ကြီးပွား လျက် ရှိ ကြ ပေ သည် ။ ပညာ ဗဟုသုတ ကင်းမဲ့ သော စိတ် မျိုး မှာ အစာအာဟာရ ကင်းမဲ့ သော ကိုယ်ခန္ဓာ ကဲ့သို့ ကြုံလှီဖျော့တော့ အားအင် ချည့် နဲ့ အသုံး မ ဝင် ဖြစ် ရ ချေ သည် ။ ထို သို့ သော ပညာ ဗဟုသုတ ကြီးပွား ကျယ်ပြန့် ရန် မှာ လည်း အကောင်းဆုံး အလွယ်ဆုံး သော နည်းလမ်း မှာ စာပေ ဖတ်ရှု မှတ်သား ရ ခြင်း ဖြစ် ပေ သည် ။	G10	Upper Secondary
စာဖတ် ခြင်း အလေ့ ( ကိုလိုနီခေတ် )	မိမိ ကိုယ်တိုင် ကမ္ဘာ တစ် ပြင် လုံး ကို အနှံ့အစပ် သွား ရောက် ၍ ဗဟုသုတ အကြားအမြင် ကို ရှာဖွေ လျှင် အဆန်းတကြယ် မှတ်သား ဖွယ် ရာ အသစ် တို့ ကို တွေ့ မြင် မှတ်သား ရ ရုံ မျှ သာ ရှိ ချေ သည် ။ စာ ဖတ်ရှု ခြင်း အလေ့အထ ၌ မူ ကား အသစ် အသစ် သော အကြောင်းအရာ ၊ အတ္ထုပ္ပတ္တိ တို့ ကို သိ ရှိ ရုံ မျှ သာ မ ဟုတ် ဘဲ မိမိ နှင့် ဉာဏ်ရည် တူ ၊ မိမိ ထက် ဉာဏ်ပညာ ထက်မြက် စူးရှ သူ တို့ ၏ စိတ်ကူး အကြံဉာဏ် ထင် မြင် ချက် ၊ ဆုံးဖြတ် ချက် တို့ ကို ပါ ရ ရှိ နိုင် သည် ဖြစ် ၍ မိမိ စိတ် ရင်း ၊ ဉာဏ် ရင်း ကို နှိုးဆော် ကူပင့်တဖျင့်တပါး ကြီးမား ထက်သန် လာ စေ နိုင် သော ကြောင့် ပညာ ဉာဏ ကြီးမား သော အဖြစ် ကို ရ ရှိ နို ကြ ပေ သည် ဖြစ် သဖြင့် စာဖတ် ခြင်း အလေ့ ကို အမှု မဲ့ စွန့်လွှတ် မ ထား ဘဲ တတ် အား သရွေ့ ပွား များ ဖြစ်ထွန်း စေ အပ် သည် ၊ ၂ဝ ရာ စု ဇေယျ	G10	Upper Secondary
ခက်ဆစ် အဖွင့်	၁ ။ ကြုံလှီ = ပိန် သည် ။	G10	Upper Secondary
ခက်ဆစ် အဖွင့်	၂ ။ တဖျင့်တ ပါး = တစ်နည်းတစ်ဖုံ	G10	Upper Secondary
ခက်ဆစ် အဖွင့်	၃ ။ ဓမ္မ တာ = ဖြစ် မြဲ သော အစဉ်အလာ ။	G10	Upper Secondary
ခက်ဆစ် အဖွင့်	၄ ။ နှိုးဆော် = တိုက်တွန်း စေ့ဆော် သည် ။	G10	Upper Secondary
ခက်ဆစ် အဖွင့်	၅ ။ အမှု မဲ့ = ပေါ့ပေါ့ဆဆ ၊ အမှတ်တမဲ့ ။	G10	Upper Secondary
သင်ခန်းစာ ဆိုလိုရင်း	စာဖတ် ခြင်း ကို လိုအပ် သည့် အခါ မှ ပြု သော် ဖတ် လေ့ မှတ် လေ့ မ ရှိ သော ကြောင့် မ ဖတ် နိုင် ၊ မ မှတ် နိုင် ဖြစ် တတ် သဖြင့် စာဖတ် ခြင်း အလေ့အကျင့် ကို ပြုစု ပျိုးထောင် သင့် ကြောင်း အကျိုး သင့် အကြောင်း သင့် ဖော်ပြ ထား သည် ။	G10	Upper Secondary
လေ့ကျင့်ခန်း မေးခွန်း များ	၁ ။ စာဖတ် ခြင်း အလေ့ ကို မည် သည့် အတွက် လေ့ကျင့် ပျိုးထောင် သင့် သနည်း ။	G10	Upper Secondary
လေ့ကျင့်ခန်း မေးခွန်း များ	၂ ။ စာဖတ် ခြင်း အလေ့အကျင့် ၏ အကျိုးကျေးဇူး များ ကို ဖော်ပြ ပါ ။	G10	Upper Secondary
လေ့ကျင့်ခန်း မေးခွန်း များ	၃ ။ စာဖတ် သော အလေ့ သည် ကျောင်းသား ကျောင်း သူ များ အတွက် လိုအပ် ပါ သလား ။ အဘယ် ကြောင့် နည်း ။	G10	Upper Secondary
လေ့ကျင့်ခန်း မေးခွန်း များ	၄ ။ စာဖတ် ခြင်း နှင့် ပြင်ပ လောက ၌ ဗဟုသုတ ရှာဖွေ ခြင်း တို့ ၏ ကွာခြား ချက် ကို ဖော်ပြ ပါ ။	G10	Upper Secondary
လေ့ကျင့်ခန်း မေးခွန်း များ	၅ ။ မိမိ ကိုယ်တိုင် စာဖတ် သော အလေ့အကျင့် ရ ရန် ကြိုးစား ခဲ့ သည့် အတွေ့အကြုံ များ ကို စာစီကုံး ပါ ။	G10	Upper Secondary
ယောက်ျား အမှန် ( ကိုလိုနီခေတ် )	" ယောက်ျား အမှန် " ကို ပီမိုးနင်း ရေး သော " ပီမိုးနင်း ဝတ္ထု ပဒေသာ အမှတ် စာအုပ် မှ ကောက်နုတ် သည် ။	G10	Upper Secondary
ယောက်ျား အမှန် ( ကိုလိုနီခေတ် )	ပီမိုးနင်း သည် သုံး ဆယ် မြို့ ဇာတိ ဖြစ် သည် ။ မြန်မာ သက္ကရာဇ် ၁၂ ၄၅ ခုနှစ် (ခရစ်နှစ် ၁၈၈၃ ) တွင် ဖွားမြင် သည် ။ ငယ် မည် မှာ မောင် ကျော်ညွန့် ဖြစ် သည် ။ မွေးဖွား ချိန် တွင် မိုးနှင်း များ ထူထပ် စွာ ကျ သည် ကို စွဲ ၍ " မိုးနှင်း " ဟု ခေါ် ကြ သည် ။	G10	Upper Secondary
ယောက်ျား အမှန် ( ကိုလိုနီခေတ် )	မိုးနှင်း ၏ ငယ်စဉ် ဘဝ မှာ ဆင်းရဲ လှ သည် ။ ပညာ လို လား သူ ဖြစ် သည် ။ သုံး ဆယ် မြို့ အာစီအမ် ကျောင်း နှင့် မော်လမြိုင် မြို့ ဆင် မီ နာ ကျောင်း တို့ တွင် ပညာ သင်ယူ ခဲ့ ၏ ။ ပီနန် မြို့ ဂျင်နရယ် ကောလိပ် တို့ တွင် အင်္ဂလိပ် စာ ၊ လက်တင် စာ ၊ နှုတ် မှု ပညာ ၊ ယုတ္တိ ပညာ စသည် တို့ ကို လေ့လာ ဆည်းပူး ခဲ့ သည် ။ ကျောင်း နေစဉ် က သူ ၏ အမည် မှာ ဖီးလစ် ဖြစ် သည် ။	G10	Upper Secondary
ယောက်ျား အမှန် ( ကိုလိုနီခေတ် )	ပီမိုးနင်း သည် ကျောင်း ဆရာ အလုပ် ၊ စာ ရေး အလုပ် ဘာသာ ပြန် ဆရာ အလုပ် ၊ ဘိန်း စာ ရေး အလုပ် ၊ လယ်သမား အလုပ် စသည် ဖြင့် ဘဝ မျိုးစုံ ကျင်လည် ခဲ့ ဖူး သည် ။ ရန်ကုန် အလုံ ရပ် ဘက် ပ တစ် ကျောင်း တွင် လက်တင် ဘာသာ ဆရာ အလုပ် ကို မြန်မာ အမည် မောင် ကျော်ညွန့် နှင့် လျှောက် ရာ မ ရ သဖြင့် ငယ် မည် " မိုးနှင်း " ကို " မိုးနင်း " ဟု ပြောင်း ကာ ရှေ့ မှာ ဖီးလစ် ၏ အတိုကောက် " ပီ " တစ် လုံး ထည့်သွင်း ၍ " ပီမိုးနင်း " အမည် နှင့် လျှောက် မှ အလုပ် ရ ခဲ့ သည် ။ သူရိယ နှင့် မြန်မာ့အလင်း သတင်းစာ ၊ ကဝိမျက်မှန် ၊ ကဝိတံခွန် ၊ ဗြိတိသျှဘားမား ၊ ဒဂုန်မဂ္ဂဇင်း စသည် တို့ တွင် ဝတ္ထု ၊ မ ပြတ် ရေး ခဲ့ သည် ။ ပီမိုးနင်း ၊ မောင်ကျော် ၊ ပိုက်ဆံ ကြီး တို့ မှာ သူ ၏ ကလောင် အမည် များ ဖြစ် သည် ။	G10	Upper Secondary
ယောက်ျား အမှန် ( ကိုလိုနီခေတ် )	ပီမိုးနင်း ၏ လက် ရာ များ တွင် ဘီအေ မောင် တင့် နှင့် က ချေ သည် မယ် မြင့် ၊ နေ ရီရီ ၊ ပွဲစားကြီးသားအဖ နှင့် မြမြ ၊ နေညိုညို ၊ သဲမြညှာ စ သည့် ဝတ္ထု တို့ အပြင် ကမ္ဘာ့မင်တံ ၊ သခင် စိတ် ၊ လက်တွေ့ ကြီးပွား ရေး ၊ အောင် စိတ် ၊ တိုင်း ရေး ပြည် ရေး ၊ သား ဂုဏ်ရည် ၊ သမီး ဂုဏ်ရည် ၊ ကိုယ် ထူး ကိုယ် ချွန် စ သည့် ကျမ်း တို့ လည်း အပါအဝင် ဖြစ် သည် ။ မြန်မာ သက္ကရာဇ် ၁၃ဝ၁ ခုနှစ် (ခရစ်နှစ် ၁၉၄ဝ ပြည့် နှစ် ) တွင် မြန်မာ့အလင်း သတင်းစာတိုက် က ကျင်းပ သော အမျိုးသား အောင်ပွဲ နေ့ အလှူ ကို လာ ရင်း စက်ဘီး တိုက် ခံ ရ ကာ ထို ဒဏ်ရာ ဖြင့် ပင် ကွယ်လွန် သည် ။	G10	Upper Secondary
ယောက်ျား အမှန် ( ကိုလိုနီခေတ် )	ပီမိုးနင်း သည် စိတ်ကူး ဉာဏ် ထက်မြက် သူ ဖြစ် သည် ။ အသေးအဖွဲ ကလေး ကို ပင် စူးစူးရှရှ ကြည့် တတ် မြင် တတ် သည် ။ မြင် သလောက် ကို လည်း ပေါ်ပေါ်လွင်လွင် ဖွဲ့ တတ် သည် ။ အနောက် တိုင်း စာပေ မှ အမြင် သစ် ၊ သဘော သစ် တို့ ကို လက်ခံ ၍ မြန်မာ စာပေ ကို ဆန်းသစ် အောင် အား ထုတ် ခဲ့ သူ လည်း ဖြစ် သည် ။ တိုင်းပြည် နှင့် က လောင် အပေါ် တွင် သစ္စာ ရှိ သော စာရေးဆရာ ကြီး ဖြစ် သည် ။	G10	Upper Secondary
ယောက်ျား အမှန် ( ကိုလိုနီခေတ် )	ဘထွန်း သည် ကြံ ရာ မ ရ ဖြစ် ၍ နေ လေ ၏ ။ ဆယ် နာရီ ခန့် အချိန် မို့ လ လည်း မ ရှိ ။ လမ်း မှာ မည်းမှောင် ၍ နေ လေ ၏ ။ မော်တော်ကား မှာ ဘယ်လို လုပ် ၍ မှ မ ရ ၊ ချော့ လို့ လည်း မ သွား ၊ ကြမ်း လို့ လည်း မ လှုပ် ။ အတင်း ဇွဲ လုပ် ၍ နေ လေ ၏ ။ အခြား မော်တော်ကား အသွားအလာ တို့ ကို မျှော် သော်လည်း ရပ် ရန် ခေါ် ၍ မ ရ ။ တစ်ဟုန်တည်း သွား သော ဘတ်စကား ကြီး တစ် စီး မှ တစ် ပါး အခြား ဘယ် သူ က မှ မ ပေါ် လာ ။	G10	Upper Secondary
ယောက်ျား အမှန် ( ကိုလိုနီခေတ် )	အင်းစိန် နှင့် မှော်ဘီ စပ် ကြား မှာ လမ်း ၌ ဇွဲ လုပ် သော ကား ပေါ် တွင် အိပ် ရ တော့ မ လို ဖြစ် ၍ နေ လေ ၏ ။	G10	Upper Secondary
ယောက်ျား အမှန် ( ကိုလိုနီခေတ် )	နောက်ဆုံး စိတ် ကို လုံး လုံး ကြီး လျှော့ ပြီး အနီးအနား ကို ကြည့် လိုက် ရာ မည်းမှောင် သော ခြံ တစ် ခု အတွင်း မှ မီးရောင် ကလေး ကို မြင် ရ သဖြင့် ဝင် ၍ သွား လေ ၏	G10	Upper Secondary
ယောက်ျား အမှန် ( ကိုလိုနီခေတ် )	သေး ငယ် သော အိမ် ကလေး အနီး သို့ ရောက် သောအခါ	G10	Upper Secondary
ယောက်ျား အမှန် ( ကိုလိုနီခေတ် )	" ခွေး ကြည့် စမ်း ပါ ခင်ဗျာ "	G10	Upper Secondary
ယောက်ျား အမှန် ( ကိုလိုနီခေတ် )	ဟု အော် လေ လျှင် အိမ် အောက် ထပ် မှ ဆွဲ မီး အိမ် ကို ကိုင် လျက်	G10	Upper Secondary
ယောက်ျား အမှန် ( ကိုလိုနီခေတ် )	" ဘယ် သူ လဲ ၊ ခွေး တော့ မ ရှိ ပါ ဘူး "	G10	Upper Secondary
ယောက်ျား အမှန် ( ကိုလိုနီခေတ် )	ဟု ပြော ၍ ထွက် လာ သူ သည် ဆွဲ မီး အိမ် ကို မြှောက် ၍ ကြည့် လိုက် လေ ၏ ။ ဆွဲ မီး အိမ် မီးရောင် တွင် အလွန် လှ သော မျက်နှာ ကလေး ကို ဘထွန်း မြင် ရ လေ လျှင် ဘထွန်း ၏ ရင် ထဲ မှာ ဘာ လို လို ဖြစ် သွား လေ ၏ ။ ဘထွန်း သည် အံ့အားသင့် ပြီး မ နီး မ ဝေး ၌ ရပ် ကာ	G10	Upper Secondary
ယောက်ျား အမှန် ( ကိုလိုနီခေတ် )	" ပြည် ဘက် က ကား နဲ့ လာ တာ ။ အခု ကား ပျက် နေ တာ နဲ့ ဝင် လာ တာ ပဲ ။ ဘယ့်နှယ် လုပ် ရ မ လဲ မ သိ ဘူး ။ ဒီ အနီး မှာ လဲ ဒီ အိမ် တစ် ခု တွေ့ တာ ပဲ "	G10	Upper Secondary
ယောက်ျား အမှန် ( ကိုလိုနီခေတ် )	ရှင့် ကား ဘယ် မှာ ထား ခဲ့ သလဲ ။ တစ် ယောက် တည်း လား "	G10	Upper Secondary
ယောက်ျား အမှန် ( ကိုလိုနီခေတ် )	" တစ် ယောက် တည်း ပါ ပဲ ။ ဒီ ည တော့ ခွ ကျ နေ တာ ပဲ "	G10	Upper Secondary
ယောက်ျား အမှန် ( ကိုလိုနီခေတ် )	မိန်းမပျို သည် တစ် စက္ကန့် မျှ ဆိုင်း ပြီး	G10	Upper Secondary
ယောက်ျား အမှန် ( ကိုလိုနီခေတ် )	" ဒီ လို ဖြင့် ဘယ့်နှယ် လုပ် မ လဲ "	G10	Upper Secondary
ယောက်ျား အမှန် ( ကိုလိုနီခေတ် )	" မ ကြံ တတ် အောင် ရှိ တာ ပဲ ။ တစ် ည ဒီ မှာ တည်းခို ရ ရင် ကျေးဇူး အင်မတန် တင် မှာ ပဲ "	G10	Upper Secondary
ယောက်ျား အမှန် ( ကိုလိုနီခေတ် )	မိန်းမပျို သည် တစ်ဖန် စဉ်းစား ပြီး	G10	Upper Secondary
ယောက်ျား အမှန် ( ကိုလိုနီခေတ် )	" ဒီ လို ဖြင့် ကျွန်မ ဟိုဒင်း ၊ ကျွန်မ ယောက်ျား ကို သွား ပြီး မေး လိုက် အုံး မယ် ။ "	G10	Upper Secondary
ဂီတ စာ ဆို လှိုင်ထိပ်ခေါင်တင်	ပုန်ကန် သည့် အရေး တော် ၌ အိမ် ရှေ့ က နောင် မင်း သား ကျဆုံး ကံ တော် ကုန် ခဲ့ သဖြင့် လှိုင်ထိပ်ခေါင်တင် သည် မုဆိုး မ ဖြစ် ကာ သား တော် ထန်းတပင် မင်း သား နှင့် ကျန်ရစ် ခဲ့ ရှာ သည် ။ ခဲ အို တော် မင်း တုန်း မင်း ကြီး က ဝတ္တရား ကျေ စွာ ပင် မ နိမ့်ကျ ရ လေ အောင် စောင့်ရှောက် ထား သည် ။ လှိုင်ထိပ်ခေါင်တင် တို့ သားအမိ နှစ် ဦး လည်း ရွှေ ဂူ မင်း သား ၏ ဝင်း အတွင်း အိမ် တော် တွင် စံတော်မူ ကြ သည် ။	G10	Upper Secondary
ဂီတ စာ ဆို လှိုင်ထိပ်ခေါင်တင်	သက္ကရာဇ် ၁၂၃၇ ခုနှစ် ပြာသို လဆန်း ၅ ရက်နေ့ တွင် ဂီတ စာ ဆို ကျော် လှိုင်ထိပ်ခေါင်တင် သည် သက်တော် ၄ ၂ နှစ် အရွယ် ၌ လူ့ လောက ကြီး ကို စွန့်ခွာ သွား လေ သည် ။ ၂ဝ ရာ စု ဦး မြင့် ကြည်	G10	Upper Secondary
ခက်ဆစ် အဖွင့်	၁ ။ က လူ = ကျီစယ် သည် ။	G10	Upper Secondary
ခက်ဆစ် အဖွင့်	၂ ။ ကြင်ရာတော် = ခင်ပွန်း ၊ ဇနီး ။	G10	Upper Secondary
ခက်ဆစ် အဖွင့်	၃ ။ စုလျား = ပဝါ ရှည် ။	G10	Upper Secondary
ခက်ဆစ် အဖွင့်	၄ ။ စုလျားရစ်ပတ် = သတို့သား နှင့် သတို့သမီး တို့ ၏ လက် ကို ပဝါ ရှည် ဖြင့် ရစ်ပတ် ၍ လက်ထပ် ပေး သည် ။	G10	Upper Secondary
ခက်ဆစ် အဖွင့်	၅ ။ ဆင်း ရူပါ = ရုပ် အဆင်း သွင်ပြင် ။	G10	Upper Secondary
ခက်ဆစ် အဖွင့်	၆ ။ ပတ်ပျိုး = အခြား သော သီချင်း ကြီး သီချင်း ခံ တို့ မှ သင့် နိုး ရာ အသံ များ ကို ပျိုး ယူ စပ် ဆို သော သီချင်း မျိုး ။	G10	Upper Secondary
ခက်ဆစ် အဖွင့်	၇ ။ ဗီဇ = မျိုးရိုး ။	G10	Upper Secondary
ခက်ဆစ် အဖွင့်	၈ ။ ဘောလယ် = ဘောင် ခေတ် တွင် ပေါ်ထွန်း ခဲ့ သည့် ရှေးရိုး တျာ ဘွဲ့ မျိုး ကို အခြေခံ ၍ ဆို ထား သော သီချင်း တစ် မျိုး ။	G10	Upper Secondary
ခက်ဆစ် အဖွင့်	၉ ။ မြောက် သား တော် = ဘုရင် ၊ မင်း သား ၊ မင်း သမီး စသည် တို့ ၏ ကြင်ရာတော် ။ ၁၀ ။ ယိုးဒယား သီချင်း = ယိုးဒယား လူမျိုး တို့ တီးမှုတ် သီဆို ဟန် ကို အခြေခံ ၍ ပြုပြင် ဖွဲ့ ဆို ထား သော မြန်မာ သီချင်း ကြီး တစ် မျိုး ။	G10	Upper Secondary
သင်ခန်းစာ ဆိုလိုရင်း	ကုန်းဘောင် ခေတ် အမျိုးသမီး ဂီတ စာ ဆို တစ် ဦး ဖြစ် သော လှိုင်ထိပ်ခေါင်တင် မှာ ဘ၀ ကံ ၊ အချစ် ကံ ၊ အိမ်ထောင် ရေး ကံခေ ရှာ လွန်း သူ ဖြစ် ကြောင်း ၊ သူ ၏ ဘဝ နှင့် ခံစား ချက် များ ကို သူ ၏ ဂီတ လက် ရာ ဘောလယ် များ တွင် ကရုဏာသက် ဖွယ် တွေ့ ရ ကြောင်း ဖော်ပြ ထား သည် ။	G10	Upper Secondary
လေ့ကျင့်ခန်း မေးခွန်း များ	၁ ။ လှိုင်ထိပ်ခေါင်တင် ၏ အတ္ထုပ္ပတ္တိ တွင် ဘဝ မှတ်တိုင် မည် မျှ ပါ သနည်း ။ ရှာဖွေ ကြည့် ပါ ။ ၂ ။ ဘဝ မှတ်တိုင် အနိမ့် အမြင့် များ ကို ပုံ ပြ မျဉ်း ထုတ် ကြည့် ပါ ။ ၃ ။ လှိုင်ထိပ်ခေါင်တင် ၏ ဘဝ ၌ မည် သည့် အောင်မြင် မှု များ ရ ရှိ ခဲ့ သနည်း ။ ထို့ အတွက် မည် သည့် ပေးဆပ် မှု မျိုး ပြု ခဲ့ ရ သနည်း ။ ၄ ။ ဤ အတ္ထုပ္ပတ္တိ ကို ရေး သား ရာ ၌ စကား အသုံးအနှုန်း များ သည် " မွေး သည် " " သေ သည် " " ယောက်ျား ယူ သည် " စ သည့် ကြိယာ များ ကို မည် သို့ ရေး ပြ ထား သနည်း ။ အဘယ် ကြောင့် ထို သို့ ရေး ထား သည် ထင် သနည်း ။ ၅ ။ လှိုင်ထိပ်ခေါင်တင် ၏ အတ္ထုပ္ပတ္တိ ကို ဖတ် ပြီး မည် သို့ ထင် မြင် သုံးသပ် မိ ပါ သနည်း ။	G10	Upper Secondary
အိုးစည်သံ ( လွတ်လပ် ရေး ခေတ် )	အိုးစည်သံ ကို မင်းသုဝဏ် နှင့် အခြား စာ ဆို များ ရေး သား သည့် " ကံ့ကော်မြိုင် စာတမ်း " စာအုပ် မှ ကောက်နုတ် သည် ။	G10	Upper Secondary
အိုးစည်သံ ( လွတ်လပ် ရေး ခေတ် )	မင်းသုဝဏ် သည် ကွမ်းခြံကုန်း မြို့ ဇာတိ ဖြစ် ၍ ၁၉ဝ၉ ခုနှစ် တွင် ဖွားမြင် သူ ဖြစ် သည် ။ အမည် ရင်း မှာ မောင် ဝန် ဖြစ် သည် ။ မိဘ နှစ် ပါး မှာ ဦး လွန်း ပင် နှင့် ဒေါ် မိ တို့ ဖြစ် သည် ။ မွန် မြန်မာ မျိုးရိုး ၊ ကုန် သည် များ ဖြစ် ကြ သည် ။ မွေး ချင်း ၇ ယောက် တွင် ဒုတိယ မြောက် ဖြစ် သည် ။	G10	Upper Secondary
အိုးစည်သံ ( လွတ်လပ် ရေး ခေတ် )	ကွမ်းခြံကုန်း မြို့ ဆရာ ဦးဖိုးလှိုင် ကျောင်း တွင် မြန်မာ စာ ဂုဏ်ထူးတန်း တက်ရောက် ရာ ဝိဇ္ဇာ ( ဂုဏ်ထူး ) ဘွဲ့ အောင်မြင် သည် ။ မ ဟာ ဝိဇ္ဇာဘွဲ့ ရ ပြီး နောက် အင်္ဂလန် နိုင်ငံ အောက်စဖို့ဒ် တက္ကသိုလ် တွင် ပညာ ဆည်းပူး ရာ စာပေ ဝိဇ္ဇာ (ဘီလစ်) ဘွဲ့ ရ သည် ။ အမေရိကန် ပြည်ထောင်စု ယေး တက္ကသိုလ် တွင် ဘာသာဗေဒ ပညာ ဆည်းပူး ခဲ့ သည် ။	G10	Upper Secondary
အိုးစည်သံ ( လွတ်လပ် ရေး ခေတ် )	ရန်ကုန် တက္ကသိုလ် မြန်မာ စာ ဌာန တွင် ပြီး ရာထူး အဆင့်ဆင့် တိုး မြင့် ထမ်းဆောင် ရ သည် အဖြစ် စတင် တာ ဝန်ထမ်း ဆောင် ဘာသာ ပြန် နှင့် စာအုပ် စုဆောင်း ရေး ဌာန ၊ ဌာနမှူး ( စာတည်းမှူး ) ၊ ရန်ကုန် တက္ကသိုလ် မြန်မာ စာ ဌာန ပါမောက္ခ ၊ ပညာ ရေး အထူး အရာ ရှိ တာဝန် များ ထမ်းဆောင် ခဲ့ သည် ။ ဂျပန် နိုင်ငံ အိုဆာကာ နိုင်ငံခြား ဘာသာ သင် တက္ကသိုလ် တွင် မြန်မာ စာ ဧည့် ပါမောက္ခ အဖြစ် လည်း ဆောင်ရွက် ခဲ့ သည် ။ ဒုတိယ ကမ္ဘာ စစ် အတွင်း ပညာ တံခွန် အသင်း တွင် အဘိဓာန် လုပ်ငန်း ကို ဦးဆောင် ခဲ့ သည် ။ မြန်မာ နိုင်ငံ သုတေသန အသင်း ဥက္ကဋ္ဌ ၊ မြန်မာ နိုင်ငံ သမိုင်း ကော်မရှင် အဖွဲ့ ဝင် ၊ မြန်မာ နိုင်ငံ စာပေ လုပ် သား ဥက္ကဋ္ဌ တာဝန် များ ကို ဆောင်ရွက် ခဲ့ သည် ။	G10	Upper Secondary
အိုးစည်သံ ( လွတ်လပ် ရေး ခေတ် )	ခေတ်စမ်း စာပေ လှုပ်ရှား မှု တွင် ဦးဆောင် ပါ ဝင် သူ တစ် ဦး ဖြစ် သည် ။ ကဗျာ ၊ ပုံပြင် ၊ ဝတ္ထုတို ၊ ဆောင်းပါး ၊ ဝေဖန် ရေး စာပေ စသည် ဖြင့် စာပေ အမျိုးမျိုး ရေး သား ခဲ့ သည် ။ ကလေး ကဗျာ များ ကို အထူး အာရုံစိုက် ၍ ဖွဲ့ သည် ။ " " မောင်ခွေး ဖို့ ကဗျာ များ " ထင်ရှား သည် ။ " " သပြေညို နှင့် အခြား ကဗျာ များ " ၊ စာပေ လောက ( ဇော်ဂျီ နှင့် တွဲ ၍ ပြုစု သည် ) ၊ ပန်း နှင့် ပင်စည် ၊ မြန်မာ မှု ၊ တက္ကသိုလ် မြန်မာ အဘိဓာန် ၅ တွဲ နှင့် တက္ကသိုလ် မြန်မာ သတ်ညွှန်း တို့ သည် မင်းသုဝဏ် ၏ ထင်ရှား သော စာအုပ် များ ဖြစ် သည် ။ " လီယာ မင်း ကြီး ပြဇာတ် " ဘာသာ ပြန် ဖြင့် အမျိုးသား စာပေ ဆု ( ဘာသာ ပြန် ရ သ ) ကို ရ ရှိ ခဲ့ သည် ။ ရှေးဟောင်း စာတမ်း များ တည်း ဖြတ် ခြင်း ၊ သုတေသန စာတမ်း များ ဖတ် ကြား ခြင်း တို့ ကို လည်း ဆောင်ရွက် ခဲ့ သည် ။ ဝဏ္ဏကျော်ထင် ဘွဲ့ ၊ သီရိပျံချီ ဘွဲ့ များ ရ ရှိ သည် ။ ၂၀၀၄ ခုနှစ် ဩဂုတ် လ ၁၅ ရက် တွင် ကွယ်လွန် သည် ။	G10	Upper Secondary
အိုးစည်သံ	ရှမ်း ဗေ ထုံ ၊ မီးဆာ လှုံ ။ မီးဆာ လှုံ ၊ ရှမ်း ဗေ ထုံ ဟု ဟစ်အော် ကြွေးကြော် ရင်း မျက်စိ က မိုး ကို မျှော် ၍ လက် က အိုးစည် ကို ထု လျက် ကျွန်တော် တို့ သည် ငယ်စဉ် အခါ က ပျော် ပါး ခဲ့ ကြ ၏ ။ ရွာ လမ်း မ တွင် ကျွန်တော် တို့ ၏ အိုးစည်သံ နှင့် တေးသံ တို့ သည် သူ သာ ငါ နိုင် ပြိုင်ဆိုင် ခဲ့ ကြ ၏ ။ သစ်ရိပ် ကောင်း ကောင်း မှ နေ ၍ ကျွန်တော် တို့ သည် အိုးစည်သံ နှင့် တေးသံ တို့ ဖြင့် နေ မင်း ကို ပူဇော် ခဲ့ ကြ ၏ ။ တလင်း ပြောင်ပြောင် မှ နေ ၍ လ မင်း ကို ပူဇော် ခဲ့ ကြ ၏ ။ နေ မင်း လ မင်း တို့ ပေး သော ဆု တွင် ခိုလှုံ လျက် ကျွန်တော် တို့ သည် ခုန်ပေါက် သီ က ကာ ပျော် ပါး ခဲ့ ကြ ၏ ။ ကျန်းမာ ခဲ့ ကြ ၏ ။ ထို သို့ ဖြင့် အမိ နို့ရည် သည် ကျွန်တော် တို့ ၏ သွေး သား နှင့် ရောနှော ပေါင်းစပ် နေ သကဲ့သို့ အိုးစည်သံ တို့ ၏ အသွေးအသား နှင့် ရောနှော ပေါင်းစပ် လျက် ရှိ လေ တော့ သည် ။	G10	Upper Secondary
အိုးစည်သံ	နေ့ ရော ည ပါ ရွာ လမ်း တွင် ပျော် ပါး သော အိုးစည် ကလေး သည့် အ လား ဝါ လ သီတင်း အကျွတ် တွင် ရွာ ထိပ် မှ လည်း ပေါ် ထွက် လာ ၏ ။ ရွာ တောင် မှ လည်း လာ ၏ ။ ရွာ ကလေး တွင် အိုးစည်သံ သည် ထုတ် ချင်း ခပ် မြည်ဟိန်း သွား သော ဘုရား သွား ကျောင်း တက် အတူ ထွက် ပေါ် င ကျွန်တော် ပေါ် ထွက် လာ လေ သည် ။ ရွာ ့ မြောက် မှ လည်း ပေါ် ထွက် ည ဦး လ ရောင် အောက် တွင် ရွာ ကလေး ကို အိုးစည်သံ နှင့် သမီး မောင်နှံ ပမာ အိုးစည် ကြီး တို့ သည် ပလွေ နှင့် လင်း ကွင်း ၊ လက်ခုပ် နှင့် မောင်း တို့ ကို လည်း အဖော် ခေါ် ခဲ့ ကြ သေး ၏ ။ ၎င်း ရဲဘော် တစ် စု တို့ သည် သီတင်းကျွတ် လ ပြည့် နေ့ ၌ ပဒေသာ ပင် များ တွင် ရံ ၍ ဘုန်းကြီး ကန် တော့ သွား ကြ သည် ။ သံချပ် တွေ တ မြိုင် မြိုင် နှင့် အလွန် ပျော် ပါး ကြ လေ သည် ။ ။ တန်ဆောင်မုန်း လ ပြည့် နေ့ တွင် က ထိန် သင်္ကန်း ကပ် ရန် ထွက် ရ ပြန် ၏ ။ တောင် ပိုင်း အိုးစည် နှင့် မြောက် ပိုင်း အိုးစည် ၊ အရှေ့ ပိုင်း အိုးစည် နှင့် အနောက် ပိုင်း အိုးစည် တို့ သည် ကျောင်း ပရိဝုဏ် အတွင်း တွင် ပျော် ပွဲ ကို ကျင်းပ ကြ ၏ ။	G10	Upper Secondary
အိုးစည်သံ	ထို့နောက် နတ် တော် ၊ ပြာသို ၂ လ တွင် အိမ် တွင်း ၌ ခဏ ကွေး ကြ ၍ တပို့တွဲ လ ပြည့် ဆီ သို့ ရောက် ပြန် သောအခါ ထွက် လာ ကြ ပြန် ၏ ။ ထိုအခါ တွင် ကား ကျောင်း သို့ မ သွား ၊ ည လ သာ သာ အိမ် ရှေ့ တလင်း ကွင်း ရှိ မီးဖို နား ၌ ပျော် ပါး ကြော် ကြွေး ကြ လေ သည် ။ ထမနဲ ထိုး သော သူ များ ၊ ဝေ သော သူ များ ၊ စား သော သူ များ သည် အိုးစည်သံ ဖြင့် က ရ တော့ မ လို လို ၊ ခုန် ရ တော့ မ လို လို တ ရိုးရိုး တရွရွ ဖြစ် နေ ကြ ကုန် ၏ ။ သီတင်းကျွတ် တန်ဆောင်မုန်း လ ဆီ တွင် လွှတ် ခဲ့ သော မီးပုံးပျံ ကြီး များ မှိုင်း ဝ သောအခါ တရွရွ တလှုပ်လှုပ် ဖြစ် နေ သည် နှင့် တူ လေ တော့ သည် ။	G10	Upper Secondary
အိုးစည်သံ	တပေါင်း လ တွင် ခဏ အနားယူ ကြ ပြန် ၏ ။ အား မွေး ကြ ပြန် ၏ ။ တန်ခူးလ သင်္ကြန် တွင်း သို့ ရောက် သောအခါ တစုတဝေး ကြီး ထွက် လာ ကြ ပြန် ၏ ။ ထို အချိန် ကား နွေခေါင်ခေါင် တည်း ။ ရေ လည်း ပူ ၏ ။ လေ လည်း ပူ ၏ ။ သစ်ပင် တို့ သည် လည်း ကျိုး တိ ကျိုး တဲ နှင့် ခပ် မွဲမွဲ ပင် ရှိ ကြ ၏ ။ ရွာ လမ်း တို့ သည် ဖုတ် တထောင်းထောင်း နှင့် ဖြစ် လေ သည် ။ အထက် ပူ ၊ အောက် ပူ ၊ ရှေ့ ပူ ၊ နောက် ပူ ၊ ဝဲယာ နှစ် ဖက် လည်း ပူ သော တန်ခူးလ အပူ ထဲ တွင် အိုးစည် အသံ စီညံ ညံ သည် ရွာ ရိုး တွင် မြည်ဟိန်း ပြန် ၏ ။ သင်္ကြန် ထမင်း ကျွေး သော အိမ် ရှေ့ ဆီ က လည်း မြည် ၏ ။ လူ မျောက် ပွဲ ဆီ က လည်း မြည် ၏ ။ ဘေး မဲ့ နွား ကြီး အတွက် အလှူ ခံ သည့် ဆီ က လည်း မြည် ၏ ။	G10	Upper Secondary
အိုးစည်သံ	ဤ သို့ ဖြင့် ညို သော အသားရောင် သည် မြန်မာ တို့ ၏ အမျိုးသား အရောင် ဖြစ် သကဲ့သို့ အိုးစည်သံ သည် လည်း မြန်မာ တို့ ၏ အမျိုးသား တူရိယာသံ ဖြစ် လေ သည် ။ အိုးစည်သံ ကို ကြား ၍ စိတ် မ တုန်လှုပ် သော မြန်မာ ကား ရှား လေ မည် ။ ဤ မြေ မျက်နှာ ပေါ် တွင် အိုးစည်သံ မ ပျောက် သေး သမျှ မြန်မာ အမျိုး တိမ်ကော ပျောက်ပျက် ရန် ခဲယဉ်း လေ မည် ။ " " အိုးစည် ၊ အိုးစည် လူရည် ၊ လူရည် ၊ လူရည် ခြား စ " ဟူသော တေးသံ မ ဆိတ် သေး သမျှ မြန်မာ တို့ အတွက် ကောင်း ကြီး သည် ဖြူး လျက် ပင် ရှိ လေ ဦး တော့ မည် တည်း ။ ၂ဝ ရာ စု မင်းသုဝဏ်	G10	Upper Secondary
ခက်ဆစ် အဖွင့်	၁ ။ ကျိုး တိ ကျိုး တဲ ( ကျိုး တိုး ကျဲ တဲ ) = အနည်းငယ် ကျဲ လျက် ။	G10	Upper Secondary
ခက်ဆစ် အဖွင့်	၂ ။ တလင်း = မြေ မျက်နှာပြင် ။	G10	Upper Secondary
ခက်ဆစ် အဖွင့်	၃ ။ တုန်လှုပ် = ချောက်ချား သည် ။	G10	Upper Secondary
ခက်ဆစ် အဖွင့်	၄ ။ တိမ်ကော = မှေးမှိန် ပျောက်ကွယ် သည် ။	G10	Upper Secondary
ခက်ဆစ် အဖွင့်	၅ ။ ပဒေသာ ပင် = လှူဖွယ်ပစ္စည်း မျိုးစုံ ကို ဝေဖြာ အောင် ဆွဲ ဆင် ထား သော အရာ ။	G10	Upper Secondary
ခက်ဆစ် အဖွင့်	၆ ။ ပရိဝုဏ် = ဘုရားကျောင်းကန် အဆောက်အအုံ ၏ အကာအရံ တံတိုင်း ။	G10	Upper Secondary
ခက်ဆစ် အဖွင့်	၇ ။ ဖြူး = ဖြောင့်စင်း သော ။ ချော ပြေ သော ။	G10	Upper Secondary
ခက်ဆစ် အဖွင့်	၈ ။ ဘေး မဲ့ = အသက် အန္တရာယ် ထိပါး ခြင်း မ ခံ ရ မည့် အခွင့်အလမ်း ကို ပေး သည် ။	G10	Upper Secondary
ခက်ဆစ် အဖွင့်	၉ ။ မိုးမွှန် = များ ပြား လွန်ကဲ စွာ ( အသံဗလံ ၊ အငွေ့အသက် တို့ ) ။	G10	Upper Secondary
ခက်ဆစ် အဖွင့်	၁၀ ။ သမီး မောင်နှံ = ဇနီးမောင်နှံ ။	G10	Upper Secondary
ခက်ဆစ် အဖွင့်	၁၁ ။ အား မွေး = အားအင် တိုးတက် ပြည့်ဝ လာ အောင် ပြု သည် ။	G10	Upper Secondary
သင်ခန်းစာ ဆိုလိုရင်း	အလှူ ပွဲ ၊ ရှင် ပြု ပွဲ များ တွင် ကြား ရ လေ့ ရှိ သော အိုးစည်သံ အကြောင်း ကို ကြည်နူး ဖွယ် တင်ပြ ထား သည် ။ အိုးစည်သံ မ ပျောက် သေး သမျှ မြန်မာ အမျိုး တိမ်ကော ပျောက်ပျက် မည် မ ဟုတ် ကြောင်း ကို ဆက်စပ် ဖော်ပြ ထား သည် ။	G10	Upper Secondary
လေ့ကျင့်ခန်း မေးခွန်း များ	၁ ။ အိုးစည်သံ ရ သ စာတမ်း တွင် ဖတ်ရှု ရ သော အိုးစည်ဝိုင်း ၏ ၂ ။ အိုးစည်သံ ကို မည် သည့် အချိန် အခါ မျိုး တွင် ကြား ရ လေ့ ရှိ သနည်း ။ ၃ ။ " ဝါ လ သီတင်း အကျွတ် တွင် အိုးစည် ကြီး များ ၏ အသံ သည် ပေါ် ထွက် လာ လေ သည် ။ ရွာ တောင် မှ လည်း ပေါ် ထွက် လာ ၏ ။ ရွာ တောင် မှ လည်း ပေါ် ထွက် လာ ၏ ။ ရွာ မြောက် မှ လည်း ပေါ် ထွက် လာ ၏ ။ ရွာ ကလေး တွင် အိုးစည်သံ သည် မိုးမွှန် လေ ပြီ ။ " သော စာ သား သည် သင် ၏ အကြား အာရုံ ၌ မည် သို့ ဖြစ် ပေါ် လာ သနည်း ။ ၄ ။ " အိုးစည် ကြီး တို့ သည် ပလွေ နှင့် လင်း ကွင်း ၊ လက်ခုပ် နှင့် မောင်း တို့ ကို လည်း အဖော် ခေါ် ခဲ့ ကြ သေး ၏ ။ ၎င်း ရဲဘော် တစ် စု တို့ သည် သီတင်းကျွတ် လ ပြည့် နေ့ ၌ ပဒေသာ ပင် များ တွင် ရံ ၍ ဘုန်းကြီး ကန် တော့ သွား ကြ သည် ။ သံချပ် တွေ တ မြိုင် မြိုင် နှင့် အလွန် ပျော် ပါး ကြ လေ သည် ။ " ဟူသော စာ သား ကို ဖတ် ရ သည့် အခါ သင် ၏ အကြား အာရုံ ၌ မည် သို့ ပြောင်းလဲ ဖြစ် ပေါ် လာ သနည်း ။ ၅ ။ အိုးစည်သံ ရ သ စာတမ်း ကို ဖတ် ပြီး နောက် သင် မည် ကဲ့သို့ ခံစား ရ သနည်း ။	G10	Upper Secondary
လူ့ မနော ( လွတ်လပ် ရေး ခေတ် )	လူ့ မနော ကို သော်တာဆွေ ရေး သော " ဤ လောက မြေမဟီဝယ် " စာအုပ် မှ ကောက်နုတ် သည် ။	G10	Upper Secondary
လူ့ မနော ( လွတ်လပ် ရေး ခေတ် )	သော်တာဆွေ သည် ပေါင်း တည် မြို့နယ် ကြို့ပင် ရွာ ဇာတိ ဖြစ် သည် ။ ၁၉၁၉ ခုနှစ် မေ လ ၂၆ ရက်နေ့ တွင် ဖွားမြင် သည် ။ အမည် ရင်း မှာ ဦး ကျင်မောင် ဖြစ် သည် ။ ဦးကြင်ဆွေ ဟု လည်း ခေါ် တွင် သည် ။ မိဘ များ မှာ လယ်သမား ကြီး ဦးဘိုးဆယ် နှင့် ဒေါ်လှရင် တို့ ဖြစ် သည် ။ မွေး ချင်း ရှစ် ယောက် တွင် တတိယ မြောက် ဖြစ် သည် ။ ၁၉၄၇ ခုနှစ် ဩဂုတ် လ ထုတ် ရှုမဝ မဂ္ဂဇင်း တွင် " ဘ ရန် ဒီ တစ် ပုလင်း " ဝတ္ထုတို ဖြင့် စာပေ လောက ထဲ သို့ ဝင်ရောက် လာ ခဲ့ သည် ။ ဟာသ တို ဝတ္ထု များ ကို ဆက်တိုက် ရေး သား ခဲ့ ပြီး ၁၉၅၃ ခုနှစ် တွင် ကြုံ ခဲ့ ရ သည် ။ ဝတ္ထုတို မှ စ ၍ ဘဝ သရုပ်ဖော် စာပေ များ ကို ရေး သား ခဲ့ သည် ။ ဝတ္ထုတို ဇာတ်ဆောင် များ တွင် " ဖြတ်စ ၊ ကျော်စံကေး ၊ အေးဆွေ " တို့ မှာ ထင်ရှား သည် ။ " ရန်အောင် ရတနာ ၊ ဘွန္တော ကြက် သူခိုး ၊ အမြုတေ ရတနာ ၊ မခင်နှင်းဆီ ၊ ပပဝတီ " တို့ မှာ ထင်ရှား သည် ။ ဆိုဗီယက်ယူနီယံ နှင့် အရှေ့ ဂျာမနီ သို့ ချစ်ကြည် ရေး စာရေးဆရာ ခရီး သည် အဖြစ် သွား ဖူး သည် ။	G10	Upper Secondary
လူ့ မနော ( လွတ်လပ် ရေး ခေတ် )	သော် တာ စာပေ တိုက် ကို ထူထောင် ၍ သူ ၏ စာအုပ် များ ကို ထုတ်ဝေ ခဲ့ သည် ။ ဟာသ မဂ္ဂဇင်း တစ် စောင် ဖြစ် သော " အဟိ " မဂ္ဂဇင်း ကို လည်း ထုတ်ဝေ ခဲ့ သည် ။ ၁၉၄၈ ခုနှစ် တွင် ပဒေသာ အဖွဲ့ ၏ တာ ဝန်ခံ အဖြစ် လည်း ကောင်း ၊ ဖ - ဆ - ပ - လ အစိုးရ လက်ထက် တွင် စာရေးဆရာ အသင်း ၏ အမှုဆောင် တစ် ယောက် အဖြစ် လည်း ကောင်း တာဝန် ယူ ခဲ့ သည် ။	G10	Upper Secondary
လူ့ မနော ( လွတ်လပ် ရေး ခေတ် )	ဘဝ ထို ထို ဝတ္ထု သည် ၁၉၆၁ ခုနှစ် တွင် စာပေဗိမာန် စာ မူ ဆု ကို လည်း ကောင်း ၊ " သတ္တဝါ တို့ ၏ သံသရာ " စာအုပ် ဖြင့် ၁၉၆၄ ခုနှစ် တွင် အမျိုးသား စာပေ ဆု ကို လည်း ကောင်း ၊ " ဤ လောက မြေမဟီဝယ် " စာအုပ် ဖြင့် ၁၉၇ဝ ပြည့် နှစ် တွင် အမျိုးသား စာပေ ဆု ကို လည်း ကောင်း ရ ရှိ ခဲ့ သည် ။	G10	Upper Secondary
လူ့ မနော ( လွတ်လပ် ရေး ခေတ် )	သူ ၏ ဝတ္ထု များ အနက် " ဘွန္တောကြက်သူခိုး " ၊ " ကိုဘခန့် " တို့ သည် ရုပ်ရှင် အဖြစ် သို့ ရောက် ရှိ ခဲ့ သည် ။ သူ ပထမဆုံး ပါ ဝင် ခဲ့ သော ရုပ်ရှင်ကား မှာ ၁၉၄၈ ခုနှစ် တွင် အသံတိတ် " ယျ လေး လုံး " ဖြစ် သည် ။ ထို့နောက် ရှုမဝ မှ ရိုက်ကူး သည့် " လာ လုလု ငေး " ၊ သာဓု ၏ " ဧည့်သည် " ၊ " အကယ်၍ သာ " ၊ " ဖတ် စ ကလပ် " ၊ " ကိုယ် ထင် ခု တင် ရွှေ နန်း " ၊ " ဇာ ခန်းဆီး နောက် ကွယ် မှာ " တို့ တွင် ပါ ဝင် သရုပ်ဆောင် ခဲ့ သည် ။ ဟာသ ဝတ္ထု ၊ ဘဝ သရုပ်ဖော် ဝတ္ထု ၊ ဆောင်းပါး ၊ ဝတ္ထုတို ၊ ဝတ္ထုရှည် ဘာသာ ပြန် များ ကို စာရေးဆရာ ဖြစ် စ မှ ကွယ်လွန် ခါ နီး လေး လ အထိ စာ ရေး သက် ၅၀ နီးနီး လ စဉ် မ ပျက် ရေး သား ၍ စာ ရေး ခြင်း အလုပ် ကို တစိုက်မတ်မတ် လုပ် ခဲ့ သည် ။	G10	Upper Secondary
လူ့ မနော ( လွတ်လပ် ရေး ခေတ် )	၁၉၉၅ ခုနှစ် မတ် လ ၄ ရက်နေ့ တွင် ကွယ်လွန် သည် ။	G10	Upper Secondary
လူ့ မနော	၁၉၅၅ ခုနှစ် မှ ၁၉၆ဝ ပြည့် နှစ် အထိ ကျွန်တော် နေ ခဲ့ သော ရွာ ကလေး တွင် ဖြစ် ပါ သည် ။ ဤ ရွာ ကလေး သည် ရန်ကုန် မြို့ မှ ၇ မိုင် ကွာ ပြည် လမ်းမကြီး ၏ အရှေ့ ဘက် ချောင်ကျကျ ( ယခု ခေတ် " ပျံကျ " များ နေ ကြ သော ကွက်သစ် မျိုး မ ဟုတ် ) ရှေးခေတ် ရွာ ဟောင်း ဖြစ် ၍ ပကတိ တော ရွာ အတိုင်း ပင် တစ် အိမ် နှင့် တစ် အိမ် ရင်းနှီး ခင်မင် ကြ သည် ။ တစ် အိမ် က သတင်း စကား ကို တစ် အိမ် က ချက်ချင်း နား ပေါက် တတ် သည် ။ တစ် ရွာ လုံး တွင် အချင်းချင်း ဆွေရိပ်မျိုးရိပ် မ ကင်း ကြ သည် က များ သည် ။	G10	Upper Secondary
လူ့ မနော	တစ်ရံရောအခါ ဝယ် နတ်တလင်း မြို့ မှ ဧည့်သည် များ ကျွန်တော့် အိမ် ရောက် လာ ရာ သူ တို့ ဆီ တွင် အလွန်တရာ ပေါ သော ဒန့်သလွန်သီး ၁ဝဝ စည်း တစ် စည်း ပါ လာ သည် ။ ဤ အချိန် ဝယ် နတ်တလင်း မြို့ မှာ ဤ တစ် ရာ စည်း သည် နှစ် ကျပ် မျှ ဖြစ် သော်လည်း ကျွန်တော် တို့ ဆီ မှာ မူ တစ် တောင့် ဆယ် ပြား ၊ တစ် မတ် သုံး တောင့် မျှ သာ ရ သေး သည် ။ သို့သော် ဤ တော် တို့ ဆီ မှာ မူ တစ် တောင့် ဒန့်သလွန်သီး တွေ ကို ကျွန်တော့် အိမ် တွင် ဘာ လုပ် ပါ မည် နည်း ။ စိတ်ကူး ရ သည် နှင့် တစ် ခါ နှစ် ခါ ချက် မျှ ၁၅ တောင့် သာ ကို ဖယ် ထား ပြီး ကျန် ၈ ၅ တောင့် ကို လက် ဆွဲ ခြင်း ထဲ ထည့် ကာ ဈေး သို့ သွား ရန် ရွာ ရိုး သို့ ထွက် ခဲ့ သည် ။	G10	Upper Secondary
လူ့ မနော	ပထမဆုံး အိမ် ရှေ့ မျက်စောင်းထိုး အိမ် မှ သန်းသန်း က " ကိုဆွေ ဘယ် သွား မ လို့ လဲ " " ဒန့်သလွန်သီး တွေ ဗျာ ၊ ဧည့်သည် တွေ ယူ လာ တာ ၊ အိမ် မှာ များ နေ တာ နဲ့ ဈေး သွား ရောင်း မ လို့ " " ဒါ ဖြင့် လာ စမ်း ပါ အုံး " သူ့ အိမ် ရှေ့ ကြမ်းပြင် ပေါ် လက် ဆွဲ ခြင်း ထဲ ချ လိုက် တော့ သူ က " ဘယ်လို ရောင်း သလဲ " " ဈေး မှာ ပေါက် ဈေး ပေါ့ ဗျာ ၊ တစ် တောင့် ၁ဝ ပြား ၊ တစ် မတ် ဖိုး သုံး တောင့် ယူ ပေါ့ " " လေး တောင့် ထား ပါ လား ရှင့် ၊ ကိုယ့် ရွာသား ချင်း ပဲ " " ယူ ဗျာ "	G10	Upper Secondary
လူ့ မနော	သူ့ အိမ် မှ ထွက် ခဲ့ ရာ ကျွန်တော် တို့ ကို လှမ်း ကြည့် နေ သော နောက် အိမ် မှ ဒေါ်ကြည်စု က " စာရေးဆရာ ကြီး လက် ဆွဲ ခြင်း ထဲ က ဘာ တွေ လဲ ဗျ ၊ လာ စမ်း ပါ အုံး " " ဧည့်သည် တွေ ယူ လာ တဲ့ ဒန့်သလွန်သီး တွေ ဗျာ ၊ ဈေး သွား ရောင်း မ လို့ " သူ့ အိမ် ရှေ့ ရောက် တော့ " ဘယ်လို ရောင်း သလဲ ဗျ " " တစ် မတ် သုံး တောင့် ဆို တာ ဟော ဟို သန်းသန်း က လေး တောင့် ဆစ် တာ နဲ့ လေး တောင့် ပဲ ပေး ခဲ့ တယ် " " ဟာ ... ကျွန်တော် တော့ ငါး တောင့် ပေး ဗျာ " " ယူ ဗျာ "	G10	Upper Secondary
လူ့ မနော	သူ့ အိမ် မှ ပြန် ထွက် ခဲ့ ၏ ။ နောက် တစ် အိမ် က လှမ်း ခေါ် ပြန် ၏ ။ " ဘာ တွေ တုံး ဦးသော်တာ ရေ " " ဒန့်သလွန်သီး တွေ ဗျာ မအေးသာ ရဲ့ " " ရောင်း ဖို့ လား " " လာ စမ်း ပါ အုံး ဘယ်လို ရောင်း သလဲ " " ဟော ဟို ဒေါ်ကြည်စု က တစ် မတ် ငါး တောင့် စစ် လို့ ငါး တောင့် ပဲ ပေး ခဲ့ တယ် ဗျာ " " ဟာ ကျုပ် တော့ ခြောက် တောင့် ပေး တော် " " ယူ ဗျာ "	G10	Upper Secondary
လူ့ မနော	တစ် အိမ် နှင့် တစ် အိမ် လှမ်း မြင် ရ နေ သည် ဖြစ် ၍ နောက် တစ် အိမ် ဒေါ်စိန်ဥ က လှမ်း ခေါ် ပြန် ၏ ။ " ဆရာ ကြီး က ဘယ် က များ ဒန့်သလွန်သီး တွေ ရ ခဲ့ တုံး " " နတ်တလင်း က ဧည့်သည် တွေ ယူ လာ တာ ဗျ " " ဒါ နဲ့ များ လျှောက် ရောင်း နေ ရ သေး သလား ၊ အလကား ပေး ရော ပေါ့ ၊ ဟဲဟဲ " " ယူ လေ ဗျာ ၊ ဘယ်နှ တောင့် ယူ မ တုံး " " အလကား ပြော တာ ပါ ရှင် ၊ သူ များ လို ပဲ ဝယ် ရ မ ပေါ့ ၊ ဘယ်လို ရောင်း တုံး " " မအေးသာ က တစ် မတ် ခြောက် တောင့် ဆစ် လို့ ခြောက် တောင့် ပဲ ပေး ခဲ့ တယ် " " ကျုပ် တော့ ခုနစ် တောင့် ပေး တော် " " ယူ ဗျာ "	G10	Upper Secondary
လူ့ မနော	ဒေါ်စိန်ဥ အိမ် မှ အထွက် နောက် တစ် အိမ် မလေးနွယ် က ခေါ် ၍ " အောင်မယ်လေး ၊ စာရေးဆရာ ကြီး က ဒန့်သလွန်သီး တွေ လျှောက် ရောင်း နေ တယ် ။ ခေါင်း ပုံ ဖြတ် အမြတ် ကြီး စား ဖြစ် နေ ရော ပေါ့ " " ရောင်း သူ နဲ့ ဝယ် သူ နှစ် ဦး သဘောတူ ရောင်း ကြ ၊ ဝယ် ကြ တာ ပဲ ဗျာ ၊ ခေါင်း ပုံ ဖြတ် တယ် အမြတ် ကြီး စား တယ် ထင် ရင် မ ဝယ် ချင် နေ ပေါ့ " " အောင်မယ်လေး ၊ ဝယ် ပါ့ မယ် ရှင် ၊ ဘယ်လို ရောင်း လဲ " " တစ် မတ် ခြောက် တောင့် ဆို တာ ကို ဟော ဟို လောဘ ကြီး တဲ့ ဒေါ်စိန်ဥ ကြီး က ခုနစ် တောင့် ဆစ် လို့ ခုနစ် တောင့် ပေး ခဲ့ တယ် ဗျာ " " ဟီး ... ဟီး ... ကျွန်မ တော့ ရှစ် တောင့် ပေး တော် " " ယူ ဗျာ "	G10	Upper Secondary
လူ့ မနော	ယင်း သို့ လျှင် ကျွန်တော် သည် တစ် အိမ် တစ် တောင့် တိုး နှင့် ဆစ် တိုင်း ပေး ခဲ့ ရာ နောက်ဆုံး ခင်ငြိမ်းကြည် အိမ် တွင် ၁၃ တောင့် နှင့် ကိစ္စ ပြတ် ၍ လက် ဆွဲ ခြင်း ခေါင်းစွပ် ကာ အိမ် သို့ ပြန် လာ ခဲ့ ပါ တော့ သည် ။ ကျွန်တော် သည် ၁၀ အိမ် ရောင်း ခဲ့ ရာ ၁၀ မတ် ရ ခဲ့ ၍ ၎င်း မတ်စေ့ လေး တွေ ထပ် ပြီး စားပွဲ ပေါ် သို့ တင် ထား လိုက် ပါ သည် ။	G10	Upper Secondary
လူ့ မနော	မကြာမီ ပထမဦးဆုံး ဈေး ဦး ပေါက် သန်းသန်း ရောက် လာ ကာ စတင် ရန် တွေ့ တော့ သည် ။ " ကိုဆွေ - ကျွန်မ တော့ တစ် မတ် လေး တောင့် ပေး ပြီး ဒေါ်ကြည်စု အိမ် ကျ တော့ ငါး တောင့် ပေး သွား ပေး သွား ဆို ဒုတိယ ဒေါ်ကြည်စု ရောက် လာ ပြန် ကာ " ဆရာ ကြီး ကျွန်တော် တော့ ငါး တောင့် တည်း ပေး ပြီး မအေးသာ အိမ် တော့ ခြောက် တောင့် ပေး သွား တယ် ဆို " တတိယ မအေးသာ " ဒီ မှာ ရှင့် ကျွန်မ တော့ ခြောက် တောင့် တည်း ပေး သွား ပြီး ဒေါ်စိန်ဥ အိမ် တော့ ခုနစ် တောင့် ပေး သွား တယ် ဆို " စတုတ္ထ ဒေါ်စိန်ဥ " ဒီ မှာ ကျုပ် တော့ ခုနစ် တောင့် ပေး ပြီး မလေးနွယ် တော့ ရှစ် တောင့် ပေး သွား တယ် ၊ စာရေးဆရာ လုပ် နေ ပြီး ဒါ တရား သလား " " ဟော ဗျာ "	G10	Upper Secondary
လူ့ မနော	ကျွန်တော် သည် ဤ သို့ တစ် ယောက် ပြီး တစ် ယောက် လာ ရန် တွေ့ ကြ သည် ကို နောက်ဆုံး အများကြီး ရ သွား သော ခင်ငြိမ်းကြည် မှ တစ် ပါး ဒုတိယ နောက်ဆုံး မခင်ရွှေ ရောက် လာ သည် အထိ ထိုင် နားထောင် ပြီး နောက် " ကဲ - ဒေါ်ဒေါ် တို့ ၊ မမ တို့ ၊ ကျွန်တော် တစ် ယောက် စီ ရှင်းပြ ပါ ရ စေ ။ ပထမဦးဆုံး မသန်းသန်း ၊ ကျွန်တော် က တစ် မတ် သုံး တောင့် ဆို တာ ကို ခင်ဗျား က လေး တောင့် ဆစ် လို့ လေး တောင့် ပဲ ပေး ခဲ့ တယ် ။ ခင်ဗျား ကျေနပ် လို့ ခင်ဗျား ယူ ထား လိုက် တယ် " " ဒုတိယ ဒေါ်ကြည်စု က ကျွန်တော် က သန်းသန်း အိမ် က လေး တောင့် ဆစ် လို့ လေး တောင့် ပဲ ပေး ခဲ့ တယ် ။ ခင်ဗျား လဲ လေး တောင့် ယူ ပါ ဆို တာ ကို ခင်ဗျား က ငါး တောင့် ပေး ပါ ဆို လို့ ကျွန်တော် က ငါး တောင့် ပဲ ပေး ခဲ့ တယ် " " တတိယ မ အေး သာ ၊ ဒေါ်ကြည်စု မှာ ငါး တောင့် ပေး ခဲ့ တယ် ဆို တာ ကို ခင်ဗျား က ကျုပ် တော့ ခြောက် တောင့် ပေး ပါ ဆို လို့ ကျွန်တော် ခြောက် တောင့် ပေး ခဲ့ တယ် " " ကဲ ဗျာ - တစ် ယောက် စီ ပြော နေ ရှည် ပါ တယ် ။ ခင်ဗျား တို့ ဆစ် တိုင်း ပဲ တစ် အိမ် တစ် တောင့် တိုး ကျွန်တော် ပေး ခဲ့ တယ် ။ အဲဒါ ခင်ဗျား တို့ က ကျွန်တော့် ကို ခု မှ ဝိုင်း ပြီး မ ကျေနပ် ဘူး ဆို တော့ ကျွန်တော် ဘယ့်နှယ် လုပ် ရ မ လဲ " " ရှင့် ဟာ က ဘုရားဒကာ ရန် တိုက် လုပ် တာ ကို တော့ " " အောင်မယ် - အောင်မယ် - ဘယ်နှယ့် ဘုရားဒကာ ရန် တိုက် တုံး ဗျ ။ ခင်ဗျား တို့ ဆန္ဒ အရ ခင်ဗျား တို့ ဆစ် တိုင်း ကျွန်တော် ပေး ခဲ့ တာ ပဲ ဗျ ။ ကဲ ဒီ မှာ ဒေါ်စိန်ဥ ခင်ဗျား ကို ကျွန်တော် အလကား ယူ လဲ ပေး မယ် လို့ ပြော ခဲ့ တယ် မ ဟုတ် လား ။ "	G10	Upper Secondary
လူ့ မနော	သူ တို့ ခေတ္တ မျှ တွေ ဝေ နေ ကြ ပြီး နောက် မအေးသာ က " ဆရာ့ ဟာ က ဒီ လို လုပ် ဖို့ မ ကောင်း ဘူး ။ တကယ် ဆို တစ် မတ် ခြောက် တောင့် ဖြင့် ခြောက် တောင့် ၊ ခုနစ် တောင့် ဖြင့် ခုနစ် တောင့် အညီအမျှ စီ ရောင်း ဖို့ ကောင်း တယ် "	G10	Upper Secondary
လူ့ မနော	ဤ တွင် တစ် မတ် ဖိုး ၁ဝ တောင့် ၁၁ တောင့် ၊ ၁၂ တောင့် ရ သူ တွေ က မ ခံ နိုင် " အောင် မယ် အောင် မယ် ၊ ဒီ လို တော့ လဲ ဘယ် ပြန် လုပ် နေ နိုင် တော့ မ လဲ ၊ ကျွန်မ တို့ အိမ် မှာ ချက် ဖို့ တောင် တုံး - တစ် ပြီး ခဲ့ ပြီ " " ကဲ - မ ဟဝှာ တို့ ၊ ခင်ဗျား တို့ ကြား ကြ တဲ့ အတိုင်း ပါ ပဲ ဗျာ ။ ကျွန်တော် ဘာ တတ် နိုင် တော့ မ လဲ " အားလုံး တွေ ဝေ စဉ်းစား နေ ကြ တယ် ။ အနည်းဆုံး ရ လိုက် ၍ သူ အနစ်နာဆုံး ထင် နေ သော သန်းသန်း က " ကိုဆွေ ရယ် - ကျွန်မ တော့ လေး တောင့် တည်း ရ လိုက် တာ ၊ ပိုက်ဆံ တောင် ပြန် ပေး ဖို့ ကောင်း တယ် " " အာ - ဟုတ် ပေ့ ဒေါ်သန်းသန်း ရေ ၊ ရော့ ရော့ ခင်ဗျား ပိုက်ဆံ ပြန် ယူ ဗျာ့ " ဟု သူ့ ပိုက်ဆံ တစ် မတ် ကို ပြန် ပေး လိုက် ၏ ။ ယင်း ၌ ဒေါ်ကြည်စု က " ကျုပ် လဲ ငါး တောင့် ပဲ ဟာ ၊ ပိုက်ဆံ ပြန် ပေး ဗျာ " " ရော့ ဗျာ "	G10	Upper Secondary
လူ့ မနော	ဤ တွင် မအေးသာ က လည်း " ကျွန်မ လဲ ပြန် ပေး တော် " " ကဲ - ကဲ - ရော့ - ရော့ - အားလုံး ပြန် ယူ ကြ ၊ ခင်ငြိမ်းကြည် ပါ ပြန် ပေး မယ် ။ ဒါ မှ အေး မယ် " ဆို ပြီး သူ တို့ ပိုက်ဆံ အားလုံး ကို ပြန် ပေး လိုက် သည် ။ သို့ တိုင် မ အေး သေး ချေ ။ အလကား ရ တာ ချင်း အတူတူ သူ့ တော့ များ တယ် ၊ ငါ့ တော့ နည်း တယ် နဲ့ ပွစိပွစိ လုပ် နေ ကြ သေး သဖြင့် ကျွန်တော် က " တက တဲ ဗျာ လူ့ အလို နတ် မ လိုက် နိုင် " ဆို တဲ့ စကား ဟာ " သော်တာဆွေ မ လိုက် နိုင် ဆို တာ ဖြစ် နေ ပြီ " ဟု ပြော လိုက် တော့ အင်မတန် နတ် ကိုးကွယ် သော ဒေါ်စိန်ဥ က " အောင် မယ် - သူ က ပဲ နတ် ထက် ကြီးကျယ် နေ သလို လို " " အောင် မယ် - ကျုပ် က ဘာ လို့ နတ် ထက် မ ကြီးကျယ် ရ မှာ တုံး ဗျာ ။ ကဲ ဘယ် နတ် က များ ခင်ဗျား တို့ ကို ဒန့်သလွန်သီး တစ် တောင့် အလကား ပေး ဖူး သလဲ ၊ ပြော စမ်း ပါ အုံး " ယင်း မှ သူ တို့ သည် ပြုံးစိစိ နဲ့ ပြန် သွား ကြ ကုန် သတည်း ။ ၂ဝ ရာ စု သော်တာဆွေ	G10	Upper Secondary
ခက်ဆစ် အဖွင့်	၁ ။ ခေါင်း ပုံ ဖြတ် = သူ တစ် ပါး လုပ် ၍ ရ သော အကျိုးအမြတ် ကို ဖြတ် စား လျှပ်စား လုပ် သည် ။ အညွန့် ခူး သည် ။	G10	Upper Secondary
ခက်ဆစ် အဖွင့်	၂ ။ နား ပေါက် = သတင်း စကား ရောက် သွား သည် ။	G10	Upper Secondary
ခက်ဆစ် အဖွင့်	၃ ။ ပျံ ကျ = အလုပ်အကိုင် အတည်တကျ မ ရှိ ဘဲ ကြုံ သလို နေ ထိုင် လုပ်ကိုင် သူ ။	G10	Upper Secondary
ခက်ဆစ် အဖွင့်	၄ ။ မနော = စိတ် ၊ စိတ် ထား ။	G10	Upper Secondary
ခက်ဆစ် အဖွင့်	၅ ။ မျက်စောင်းထိုး = မျက်နှာ မူ ရာ ရှေ့တည့်တည့် မ ဟုတ် ခပ်စောင်းစောင်း ။ ဓားလွယ်ခုတ် ။	G10	Upper Secondary
ခက်ဆစ် အဖွင့်	၆ ။ ရွာ ရိုး = ရွာ လမ်းမ တစ် လျှောက် ။ ရွာ စဉ် တစ် လျှောက် ။	G10	Upper Secondary
ခက်ဆစ် အဖွင့်	၇ ။ အမြတ် ကြီး စား = အလွန်အမင်း အမြတ် ယူ သူ ။	G10	Upper Secondary
သင်ခန်းစာ ဆိုလိုရင်း	သူ့ ထက် ငါ အသာ ရ လို သော လောဘ နှင့် အတ္တ ကြီးမား လှ သည့် လူ့ အတွင်း စိတ် မနော ကို နားလည် သိ ရှိ လိုက် ရ ပုံ ကို ဇာတ်လမ်း ဆင် ရေး သား ထား ခြင်း ဖြစ် သည် ။ မ ရောင့်ရဲ နိုင် သော လောဘ စိတ် ကို ထင်ရှား ပေါ်လွင် အောင် ဖော်ပြ ထား သည် ။	G10	Upper Secondary
လေ့ကျင့်ခန်း မေးခွန်း များ	၁ ။ စာ ရေး သူ သည် မည် သည့် ရည်ရွယ် ချက် ဖြင့် ဤ ဝတ္ထုတို ကို ရေး သား သည် ဟု ထင် မြ ပင် ပါ သနည်း ။ ၂ ။ လူ့ မနော ဝတ္ထု တွင် လူ့ သဘော လူ့ သဘာဝ ကို မည် ကဲ့သို့ တွေ့ ရှိ ရ သနည်း ။ ၃ ။ လူ့ မနော ဝတ္ထုတို အား ဖတ်ရှု လေ့လာ ခြင်း ဖြင့် မည် သည့် ခံစား ချက် များ ရ ရှိ သနည်း ။ ၄ ။ လူ့ မနော ဝတ္ထုတို မှ မည် သည့် သင်ခန်းစာ များ ရ ရှိ သနည်း ။ ၅ ။ လူ တို့ ၏ စိတ် သည် အလွန် ဆန်းကြယ် သည် ဟူသော အဆို ကို လူ့ မနော ဝတ္ထု ကို အခြေခံ ပြီး ဆွေးနွေး ရေး သား ပါ ။	G10	Upper Secondary
သီကုံး ပန်း သွင် နေ့ တိုင်း ဆင် ( အင်းဝ ခေတ် )	" သုစိပုဘာ၊ဝိလိသိဓာ " အစချီ သော ဤ ကဗျာ သည် အင်းဝ ခေတ် " ရှင်မဟာရဋ္ဌသာရ " စပ် ဆို ခဲ့ သည့် ကဗျာ တစ် ပုဒ် ဖြစ် သည် ။	G10	Upper Secondary
သီကုံး ပန်း သွင် နေ့ တိုင်း ဆင် ( အင်းဝ ခေတ် )	ရှင်မဟာရဋ္ဌသာရ ကို သက္ကရာဇ် ၈၃ဝ ပြည့် နှစ် ( ခရစ်နှစ် ၁၄၆၈ ) တွင် မွေးဖွား သည် ။ ဇာတိ မှာ အင်းဝ ဖြစ် သည် ။ ငယ် မည် မှာ မောင် မောက် ဖြစ် သည် ။ မင်း ဆွေ စိုးမိုး ဖြစ် ၍ နန်းတွင်း မှာ ကြီးပြင်း ခဲ့ သည် ။ ဝ ရ စက္က ပါ လ မထေရ် နှင့် သီဟိုဠ် ရောက် ဆရာတော် ကြီး ထံ တွင် နက္ခတ် ၊ ဗေဒင် ၊ ဆန်း ၊ အလင်္ကာ ၊ ပါဠိ ၊ သက္ကတ စသည် တို့ ကို သင်အံ လေ့လာ ခဲ့ သည် ။	G10	Upper Secondary
သီကုံး ပန်း သွင် နေ့ တိုင်း ဆင် ( အင်းဝ ခေတ် )	ရှင်မဟာရဋ္ဌသာရ သည် အင်းဝ ခေတ် ပျို့ ကဗျာ လော ကို က ရှေ့ဆောင် ပျိုးထောင် ခဲ့ သူ တစ် ဦး ဖြစ် သည် ။ ဘူရိဒတ် ဇာတ် ပေါင်း ခန်း ပျို့ ၊ ကိုးခန်းပျို့ ၊ ဂမ္ဘီ သာ ရ ပျို့ ၊ သံ ဝ ရ ပျို့ တို့ ကို ရေး သား ခဲ့ သည် ။ တံတား ဦးတည် မော်ကွန်း ၊ ပုံ တောင် နိုင် မော်ကွန်း ၊ ရွှေစက်တော် သွား တော လား ၊ ဆုံးမ စာ များ နှင့် ရ တု များ ကို လည်း ရေး ဖွဲ့ ခဲ့ သည် ။ သံ ဝ ရ ပျို့ ကို နောက်ဆုံး ရေး ပြီး နောက် မြန်မာ သက္ကရာဇ် ၈၉ ၂ ခန့် (ခရစ်နှစ် ၁၅ ၃၀ ခန့် ) သက်တော် ၆ ၂ နှစ် တွင် ပြည် မြို့ ၌ ပျံလွန်တော်မူ သည် ။	G10	Upper Secondary
သီကုံး ပန်း သွင် နေ့ တိုင်း ဆင် ( အင်းဝ ခေတ် )	" သုစိပုဘာ၊ဝိလိသိဓာ " ချီ ကဗျာ ကို ရ တု ပုံစံ ဖြင့် ရေး ဖွဲ့ ထား သည် ။ တစ် ပိုဒ် တည်း ရေး ဖွဲ့ ထား ၍ " ဧက ပိုဒ် ရ တု " ဟု ခေါ် သည် ။ ရ တု ကို လေး လုံး စပ် နည်း ဖြင့် ရေး ဖွဲ့ သည် ။ ဤ ရ တု သည် ကျောင်းသား လူငယ် တို့ အတွက် စာပေ သင်ယူ လေ့လာ နည်း ကို ညွှန်ပြ ထား သော ကဗျာ ဖြစ် သည် ။ ရှေးခေတ် ပညာ သင်ကြား ရေး စနစ် ကို သိ နိုင် သည် ။	G10	Upper Secondary
သီကုံး ပန်း သွင်	နေ့ တိုင်း ဆင် သုစိပုဘာ၊ဝိလိသိဓာ အက္ခရာ စွဲ သုံး ၊ ဤ ရှစ် လုံး ကို သီကုံး ပန်း သွင် ၊ နေ့ တိုင်း ဆင် လော့ ။	G10	Upper Secondary
သီကုံး ပန်း သွင်	စာသင် ပျိုနု ၊ အခြေပြု တို့ ဥဇုဘူတ ၊ လုံ့လ ပြင်း စွာ သူ့ ထက် ငါ ဟု ၊ နှုတ် မှာ ရွရွ ကြိုးပမ်း က လျှင် ၊ သိပ္ပ ကျေးဇူး အထူး သိ မြင် ၊ ပညာရှင် ဟု မ ထင် မ ပေါ် ၊ မ ကျော်စော ဘဲ တီ မှာ လွဲ အံ့ ။	G10	Upper Secondary
သီကုံး ပန်း သွင်	အ ရဲ ကြိုး ကုတ် ၊ ကြက် ရဲ စုတ် သို့ အား ထုတ် ခုံမင် ၊ မ သင် မ အံ မ ကြံ မ မေး ၊ ဆွေးနွေး ရောနှော ပြော ဟော မဲ့ ထွေ ၊ ပေ ချပ် ရေ ဖြင့် ကုန် စေ ဆန်း သာ ၊ သင် ချေ ပါ လည်း ဘယ် မှာ ဂုဏ် ရှင် ၊ ကျော်စော ထင် ချိမ့် ။	G10	Upper Secondary
သီကုံး ပန်း သွင်	စာသင် ဟူ က ၊ ကျမ်း ထို မျှ ကို တွေ့ က မ ရှောင် ကြောင် ပုစွန် စား ၊ ကျွတ်ကျွတ် ဝါး သို့ လွှ သွား ပမာ ၊ ကျောက် ထက် စာ သို့ လို ရာ ရ အောင် ၊ ကြံဆောင် လေ့ ကျက် အနက် ဓိပ္ပာယ် ၊ နှုတ် ဝယ် ရွရွ ထား ချေ မှ တည့် ။	G10	Upper Secondary
သီကုံး ပန်း သွင်	တစ် စ ပေါ် လျှင် ၊ ချည် စ ငင် သို့ သဘင် ပွဲ မှောက် ၊ ဆို ရေး ရောက် က လန့် ကြောက် မ ရှိ ၊ သတိ မြဲခိုင် ကျောက်တိုင် ပမာ ၊ ကေသရာ သို့ ရွံရှာ မဲ့ လျှင်း ၊ ဆို ခင်း နည်း နာ အဖြာဖြာ ကို ၊ စဉ် ရှည် ရှေး တီး စကား ကြီး က ၊ စသည် ထို ထို ဝိဂြိုဟ် ဝ စ နတ် ၊ ဓာတ် ရ ပစ္စည်း ထုံး နည်း ပမာ ၊ ဂါထာ ဆန်း ဂိုဏ်း ကရိုဏ်းဌာန် စစ် ၊ ဖွင့်လှစ် ဋီကာ အဋ္ဌကထာ ပါဠိ ၊ အောက် ထက် ညှိ ၍ က ဝိ လက္ခဏာ ၊ အဖြာဖြာ ကို သေချာ ဆည်း ဆ ၊ ဆို ဝံ့ က လျှင် ၊ ဘဝ ဤ တွင် ၊ ခု မျက်မြင် လည်း မ ထင် ဘယ် မှာ ၊ ရှိ ဘိ ရာ အံ့ ။	G10	Upper Secondary
သီကုံး ပန်း သွင်	သံသရာ လည်း ၊ ပမာ ကဲ လွန် အဆုံးစွန် မူ ၊ ညီ မွန် တု လွတ် သုံး လူ့ နတ် ဝယ် အကျွတ် ဘယ် မှာ ဝေး တော့ မည် ။ ၁၅ ရာစု ၉၀ ရှင်မဟာရဋ္ဌသာရ	G10	Upper Secondary
ခက်ဆစ် အဖွင့်	၁ ။ ကရိုဏ်း = အက္ခရာ အသံ တို့ ၏ ဖြစ် ကြောင်း ။	G10	Upper Secondary
ခက်ဆစ် အဖွင့်	၂ ။ ကဝိ လက္ခဏာ = ပညာ ရှိ စာ ဆို တို့ ၏ သဘော လက္ခဏာ ။	G10	Upper Secondary
ခက်ဆစ် အဖွင့်	၃ ။ ကေသရာ = လည်ဆံမွေး ရှိ သော ခြင်္သေ့ ။	G10	Upper Secondary
ခက်ဆစ် အဖွင့်	၄ ။ ကုန်စေဆန်းသာ = ကုန် စေရုံမျှသာ ။	G10	Upper Secondary
ခက်ဆစ် အဖွင့်	၅ ။ ကျောက် ထက် စာ = ကျောက် ပေါ် တွင် ရေး ထိုး ထား သော စာ ။ ကျောက် စာ ။	G10	Upper Secondary
ခက်ဆစ် အဖွင့်	၆ ။ ခန့် ချင့် ထောက် = ခန့်မှန်း ချင့်ချိန် ထောက် ထား သည် ။	G10	Upper Secondary
ခက်ဆစ် အဖွင့်	၇ ။ ခုံမင် = စုံစုံမက်မက်	G10	Upper Secondary
ခက်ဆစ် အဖွင့်	၈ ။ ချိမ့် = ချေ အံ့ ။	G10	Upper Secondary
ခက်ဆစ် အဖွင့်	၉ ။ ဂါထာ = ဆန်းကျမ်း စည်းကမ်း တို့ နှင့် အညီ ရေး စပ် ထား သော ပါဠိ ကဗျာ ။	G10	Upper Secondary
ခက်ဆစ် အဖွင့်	၁၀ ။ စကား ကြီး = စကား ကြီး ဆယ် မျိုး ။ ( ၁ ) ရေကူး ညာ တင် ပြော နည်း ။ ( ၂ ) ကောက်ပင် ရိတ် လှီး ပြော နည်း ။ ( ၃ ) ရေ စီး ဖောင် ဆန် ပြော နည်း ။ ( ၄ ) အိုး တန် ဆန် ခတ် ပြော နည်း ။ ( ၅ ) ဆီ ပွတ် ကျည်ပွေ့ ပြော နည်း ။ ( ၆ ) ဆင်ဝှေ့ ရန် ရှောင် ပြော နည်း ။ ( ၇ ) တောင် သူ ယာခုတ် ပြော နည်း ။ ( ၈ ) ကြက် ဆုတ် ခွပ် ပစ် ပြော နည်း ။ ( ၉ ) ရေ စစ် က ရား ပြော နည်း ။ ( ၁ဝ ) ခက် တင် မောင်း နင်း ပြော နည်း ။	G10	Upper Secondary
ခက်ဆစ် အဖွင့်	၁၁ ။ စဉ် ရှည် = ရှေး အစဉ်အလာ ။	G10	Upper Secondary
ခက်ဆစ် အဖွင့်	၁၂ ။ ဆိုခင်း = ပြော ဆို ရန် အကြောင်း ။	G10	Upper Secondary
ခက်ဆစ် အဖွင့်	၁၃ ။ ဆည်းဆ = ဆည်းပူး ချိန်ဆ သည် ။	G10	Upper Secondary
ခက်ဆစ် အဖွင့်	၁၄ ။ ဆန်း ဂိုဏ်း = ဆန်းကျမ်း နှင့် အညီ ရေး ဖွဲ့ ရ သော အက္ခရာ သုံး လုံး စု အဖွဲ့ ။ ပါဠိ ဂါထာ ဖွဲ့ ဆို နည်း အတတ် ။	G10	Upper Secondary
ခက်ဆစ် အဖွင့်	၁၅ ။ ညီမွန်တုလွတ် = ပွင့် တော် မူ ပြီး ဖြစ် သော ကကုသန် ၊ ကောဏာဂုံ ၊ ကဿပ ၊ ဂေါတမမြတ်စွာဘုရား တို့ ၏ ညီတော် အ လား နောင် ပွင့် တော် မူ မည့် အတု မ ရှိ သော အရိမေတ္တေယျ မြတ်စွာဘုရား ။	G10	Upper Secondary
ခက်ဆစ် အဖွင့်	၁၆ ။ ဋီကာ = အဖွင့် ကျမ်း ။ အဋ္ဌကထာ ကို အကျယ် ဖွင့် ဆို ရေး သား သော ကျမ်း ။	G10	Upper Secondary
ခက်ဆစ် အဖွင့်	၁၇ ။ ဌာန် = စကား သံ ဖြစ် ရာ လည်ချောင်း ၊ အာ စောက် စ သော နေ ရာ ။	G10	Upper Secondary
ခက်ဆစ် အဖွင့်	၁၈ ။ တီ မှာ = အဘယ် မှာ ။	G10	Upper Secondary
ခက်ဆစ် အဖွင့်	၁၉ ။ ထုံး နည်း = လိုက်နာ ဖွယ် အစဉ်အလာ ။ ဥပဒေ သ ။	G10	Upper Secondary
ခက်ဆစ် အဖွင့်	၂၀ ။ ဓာတ် = ပုဒ် တစ် ခု ၏ မူလ တည် ရင်း ။	G10	Upper Secondary
ခက်ဆစ် အဖွင့်	၂၁ ။ ပမာ = ဥပမာ ။	G10	Upper Secondary
ခက်ဆစ် အဖွင့်	၂၂ ။ ပါဠိ = ဗုဒ္ဓ ၏ စကား တော် ၊ ဗုဒ္ဓ ဘာသာ စာပေ ရေး သား ရာ ရှေးဟောင်း ဘာသာ တစ် မျိုး ။ ဘုရား ဟော တရား တော် ။ ဗုဒ္ဓ ၏ ဒေသနာတော် ။	G10	Upper Secondary
ခက်ဆစ် အဖွင့်	၂၃ ။ ပေ ချပ် = ရှေးခေတ် က အသုံးပြု သော စာ ရေး ရန် ပြုလုပ် ထား သည့် ပေ ရွက် ။	G10	Upper Secondary
ခက်ဆစ် အဖွင့်	၂၄ ။ ပစ္စည်း = အနက် ကို ပြည့်စုံ အောင် ပုဒ် ရင်း တွင် ထပ် ဖြည့် ရ သော စကားလုံး ။	G10	Upper Secondary
ခက်ဆစ် အဖွင့်	၂၅ ။ ပါဌ် သား = ပါဠိ ပုဒ် ။ ပိဋကတ် စာ ကိုယ် စာ သား ။ ပါဠိ တော် ၊ ပါဠိ စကား ။	G10	Upper Secondary
ခက်ဆစ် အဖွင့်	၂၆ ။ ပြော ဟော မဲ့ ထွေ = ပြော ဟော ခြင်း မ ရှိ ဘဲ ။	G10	Upper Secondary
ခက်ဆစ် အဖွင့်	၂၇ ။ ပွဲ မှောက် = အများ ၏ ရှေ့မှောက် ။	G10	Upper Secondary
ခက်ဆစ် အဖွင့်	၂၈ ။ မဲ့ = မ ရှိ ။	G10	Upper Secondary
ခက်ဆစ် အဖွင့်	၂၉ ။ ရွရွ = ပေါ့ ပါး သွက်လက် စွာ ။	G10	Upper Secondary
ခက်ဆစ် အဖွင့်	၃၀ ။ ရွံရှာ = ကြောက်ရွံ့ သည် ။	G10	Upper Secondary
ခက်ဆစ် အဖွင့်	၃၁ ။ လျှင်း = အလျှင်း ၊ လုံးဝ ။	G10	Upper Secondary
ခက်ဆစ် အဖွင့်	၃၂ ။ ဝစနတ် = စကားလုံး ၏ အနက် ။ ပုဒ် ၏ အနက် ။	G10	Upper Secondary
ခက်ဆစ် အဖွင့်	၃၃ ။ ဝိဂြိုဟ် = ပုဒ် ၏ အနက် ကို အထူး ယူဆ ဖွင့် ပြ ချက်	G10	Upper Secondary
ခက်ဆစ် အဖွင့်	၃၄ ။ သဘင် = ပြော ဆို စည်းဝေး ရာ အစုအဝေး ။	G10	Upper Secondary
ခက်ဆစ် အဖွင့်	၃၅ ။ သုစိပုဘာ ၊ ဝိလိသိဓာ = စာပေ သင်ယူ လေ့လာ နည်း များ ။ ၁ ။ သု = သုဏေယျ ၊ ကြား နာ ရာ ၏ ။ ၂ ။ စိ = စိန္တေယျ ၊ ကြံ ရာ ၏ ။ ၃ ။ ပု = ပုစ္ဆေယျ ၊ မေး ရာ ၏ ။ ၄ ။ ဘာ = ဘာ သေ ယျ ၊ ပြော ဆို ရာ ၏ ။ ၅ ။ ဝိ = ဝိစာရေယျ ၊ စူးစမ်း ဆင်ခြင် ရာ ၏ ။ ၆ ။ လိ = လိခေယျ ၊ ရေး မှတ်ရာ ၏ ။ ၇ ။ သိ = သိခေယျ ၊ လေ့ကျင့်ရာ ၏ ။ ၈ ။ ဓာ = ဓာရေယျ ၊ နှုတ် တက် ဆောင်ရာ ၏ ။	G10	Upper Secondary
ခက်ဆစ် အဖွင့်	၃၆ ။ သံသရာ = ဘဝ သစ် ဖြစ် ခြင်း ဖြင့် အစဉ်မပြတ် ဘဲ အဖန်တလဲလဲ ကျင်လည် ရာ ဘဝ ဆက် ။	G10	Upper Secondary
ခက်ဆစ် အဖွင့်	၃၇ ။ သိပ္ပ = အတတ်ပညာ ။ ၃၈ ။ အကျွတ် = သံသရာ ဝဋ် ဒုက္ခ မှ ကျွတ်လွတ် ခြင်း ။	G10	Upper Secondary
ခက်ဆစ် အဖွင့်	၃၉ ။ အနက် အဓိပ္ပာယ် = စကားလုံး ၊ ပုဒ် ၊ ဝါကျ စသည် တို့ ၏ ဆိုလိုရင်း သဘော ။	G10	Upper Secondary
ခက်ဆစ် အဖွင့်	၄၀ ။ အရဲ ကြိုး ကုတ် ကြက်ရဲ စုတ် သို့ = ကြက်ရဲ တို့ သည် မ ဆုတ် မ ဆိုင်း ဘဲ ရှေ့ သို့ တိုး ကာ ကြိုးစား သကဲ့သို့ ။ ( " ကြက် ရဲ သုတ် သို့ " ဟု လည်း မူ ကွဲ ရှိ သည် ။ )	G10	Upper Secondary
ခက်ဆစ် အဖွင့်	၄၁ ။ ဥဇုဘူတ = ဖြောင့်မတ် သော အဖြစ် ။	G10	Upper Secondary
ခက်ဆစ် အဖွင့်	၄၂ ။ အက္ခရာ = စာ ရေး သား ရာ ၌ အသုံးပြု သော ဗျည်း ၊ သရ တို့ ၏ အမှတ် လက္ခဏာ စာ လုံး ။	G10	Upper Secondary
ခက်ဆစ် အဖွင့်	၄၃ ။ အဋ္ဌကထာ = ဘုရား ဟော ပါဠိ တော် ၏ အနက် အဓိပ္ပာယ် ကို ဖွင့် ဆို သော ကျမ်း ။	G10	Upper Secondary
သင်ခန်းစာ ဆိုလိုရင်း	ပညာ ရေး နှင့် ပတ်သက် ၍ စာသင် သား တို့ ကြိုးစား အား ထုတ် မှု ထက်သန် ပါ က မည် သို့ အကျိုး ရှိ မည် ။ အား ထုတ် မှု လျော့နည်း ပါ က မည် သို့ အကျိုးယုတ် မည် ကို ရေး ဖွဲ့ ထား သည် ။	G10	Upper Secondary
လေ့ကျင့်ခန်း မေးခွန်း များ	၁ ။ စာသင် သား လူငယ် တို့ ကြိုးစား အား ထုတ် မှု ထက်သန် ပါ က မည် သို့ အကျိုး ရှိ မည် ဟု ရှင်မဟာရဋ္ဌသာရ က ဆို ပါ သနည်း ။ ကြိုးစား အား ထုတ် မှု လျော့နည်း ပါ က မည် သို့ အကျိုးယုတ် မည် န ည် ။ ၂ ။ ပညာ သင်ယူ ရာ တွင် စာသင် သား လူငယ် တို့ နေ့စဉ် ဆောင်ရွက် ရ မည့် သင်ယူ ရေး လုပ်ငန်းစဉ် ကို ရှင်းပြ ပါ ။ ၃ ။ ဤ ကဗျာ တွင် ပါ ဝင် သော ဥပမာ များ ကို ဖော်ပြ ပါ ။ ဥပမာ များ က စာသင် သား များ အတွက် မည် သို့ အကျိုးပြု သနည်း ။ ၄ ။ " သု ၊ စိ ၊ ပု " ဟူသော လေ့လာ သင်ယူ မှု နည်းစနစ် ကို သင် မည် သို့ နားလည် သနည်း ။ ၅ ။ " ဘာ - ဘာ သေ ယျ " ကျောင်းသား အချင်းချင်း ဆွေးနွေး ပြော ဆို ခြင်း သည် ပညာ သင်ယူ ရာ တွင် အထောက်အကူပြု သည် ဟု သင် ထင် မြင် ပါ သလား ။ "	G10	Upper Secondary
ရာ ပြည့် အိုင်ချင်း နှမထွေး မယ့် ကို လို လျှင် ( ညောင်ရမ်းခေတ် )	ချစ် တဲ့ သူ ငယ် လေ အစချီ သော ဤ ကဗျာ သည် ညောင်ရမ်းခေတ် စာ ဆို " တောင် တွင်း ရှင် ငြိမ်း မယ် " စပ် ဆို ခဲ့ သည့် ကဗျာ တစ် ပုဒ် ဖြစ် သည် ။ "	G10	Upper Secondary
ရာ ပြည့် အိုင်ချင်း နှမထွေး မယ့် ကို လို လျှင် ( ညောင်ရမ်းခေတ် )	အိုင်ချင်း သည် ပထမ အင်းဝ ခေတ် က ပင် စတင် ပေါ်ပေါက် ခဲ့ သော ကဗျာ အမျိုးအစား ဖြစ် သည် ။ ညောင်ရမ်းခေတ် ( ဒုတိယ အင်းဝ ခေတ် ) နှင့် ကုန်းဘောင် ခေတ် တို့ တွင် ဆက်လက် ထွန်းကား ခဲ့ သည် ။ ကြငှန်း သံ ကျမ်း သံ မ ပါ ဘဲ ကျေးတော သံ ပါ သည့် တေး ကဗျာ ဖြစ် သည် ။	G10	Upper Secondary
ရာ ပြည့် အိုင်ချင်း နှမထွေး မယ့် ကို လို လျှင် ( ညောင်ရမ်းခေတ် )	အိုင်ချင်း များ သည် ကျေးလက် ရိုးရာ တေး တစ် မျိုး ဖြစ် ၍ မူလ သီဖွဲ့ စာ ဆို သူ တို့ ၏ အမည် ကို အသိ ရ နည်း သည် ။ အိုင်ချင်း အချို့ ကို " တောင် တွင်း ရှင် ငြိမ်း မယ် " ဖွဲ့ ဆို ကြောင်း သိ ရ သော်လည်း ရှင် ငြိမ်း မယ် ၏ အတ္ထုပ္ပတ္တိ ကို မူ ပြည့်ပြည့်စုံစုံ မ သိ ရ သေး ချေ ။ လက်ဝဲသုန္ဒရ နှင့် ကင်းဝန်မင်းကြီး ကဲ့သို့ သော ပညာ ရှိ စာ ဆို တို့ သည် လည်း အိုင်ချင်း များ ရေး ခဲ့ ကြ သေး သည် ။ "	G10	Upper Secondary
ရာ ပြည့် အိုင်ချင်း နှမထွေး မယ့် ကို လို လျှင် ( ညောင်ရမ်းခေတ် )	အိုင်ချင်း ဆို သည် မှာ အသံ အိုင်အိုင် အသံ မြိုင် မြိုင် ဖြင့် အများ ဝိုင်းဖွဲ့ သီဆို ရ သော တေး ကဗျာ တစ် မျိုး ဖြစ် သည် ။ အိုင်ချင်း တို့ ၏ အစ တွင် " ချစ် တဲ့ သူငယ် လေ ၊ သူငယ်ချင်း ကောင်း ယောက် မ တို့ လေ ... " ဟူသော အာ လုပ် စကား ဖြင့် အစချီ လေ့ ရှိ သည် ။ ရွှေဘို မြောက် လက် တွင် အိုင်ချင်း ကို " ကောက်စိုက် အိုင် " ဟူ၍ လည်း ကောင်း " ကောင်စိုက်မ အိုင်ချင်း " ဟူ၍ လည်း ကောင်း ခေါ် ရိုး ရှိ ခဲ့ သည် ။ "	G10	Upper Secondary
ရာ ပြည့် အိုင်ချင်း နှမထွေး မယ့် ကို လို လျှင် ( ညောင်ရမ်းခေတ် )	နန်းတွင်း ၌ ရတု ၊ တေး ထပ် တို့ တွင် ကျယ် ခဲ့ သည် ။ ကျေးလက် ၌ အိုင်ချင်း ၊ အဲ ချင်း တို့ တွင် ကျယ် ခဲ့ သည် ။ ရ တု ၊ တေး ထပ် တို့ တွင် နန်း မူ နန်း ရာ ကို တွေ့ နိုင် ၏ ။ အိုင်ချင်း ၊ အဲ ချင်း တို့ တွင် တော မူ တော ရာ ကို တွေ့ နိုင် ၏ ။ အောက် ပါ အိုင်ချင်း သည် တောင် တွင်း ရှင် ငြိမ်း မယ် ၏ အိုင်ချင်း တစ် ပုဒ် ဖြစ် သည် ။ မြန်မာ သက္ကရာဇ် ၁၁ဝဝ ပြည့် လောက် က ပေါ် ခဲ့ သော အိုင်ချင်း ကဗျာ မျိုး ဖြစ် ၍ " ရာ ပြည့် အိုင် " ဟု ခေါ် သည် ။ "	G10	Upper Secondary
နှမထွေး မယ့် ကို လို လျှင်	ချစ် တဲ့ သူ ငယ် လေ ... သူငယ်ချင်း ကောင်း ယောက် မ တို့ လေ ။ နှမထွေး မယ် တို့ အိမ် ကို သိ လို ချင် မှု နတ်ခရိုင် နှင့် ၊ ဈေးဆိုင် နှင့် အိမ့် ရှေ့ က မူ ၊ အုတ် ပလ္လင် နှင့် ၊ ညောင်ပင် နှင့် အိမ့် တောင် က မူ ၊ ကြက်သွန်ခင်း နှင့် ရေ တွင်း နှင့် အိမ့် မြောက် က မူ ၊ စပါးလင် နှင့် ၊ ဒန်း ပင် နှင့် အိမ့် နောက် က မူ ၊ မိဿလင် နှင့် ၊ ချင်း ပင် နှင့် မိဿလင် နှင့် ၊ ချင်း ကို လို လျှင် ဝါဆိုငယ် မှ ဝါဦး ၊ မြေ နူးနူး ကို တူး လှည့် ပါ ရှင် ။ မိဿ လင် နှင့် ၊ ချင်း ကို မ လို နှမထွေး မယ့် ကို လို လျှင် တပေါင်း ငယ် မှ တန်ခူး ၊ ရွှေဖီဦး ကို ခူး လှည့် ပါ ရှင် ။ အလို အပျို ဖြူ သူ နှင့် ဆုံ သည် ဂုံ ချို ကုံး ငယ် နှင့် ဆောင် လုံး ညီး လေး ။ ၁၇ ရာ စု တောင် တွင်း ရှင် ငြိမ်း မယ်	G10	Upper Secondary
ခက်ဆစ် အဖွင့်	၁ ။ ချင်း ( ဂျင်း ဟု အသံ ထွက် သည် ) ဟင်း ချက် ရာ ၊ ဆေး ဖော် ရာ တို့ တွင် အသုံးဝင် သော အပင် ငယ် တစ် မျိုး ။	G10	Upper Secondary
ခက်ဆစ် အဖွင့်	၂ ။ ချစ် တဲ့ သူ ငယ် လေ = ချစ် ခင် တဲ့ သူ ရေ ... ဟု ခေါ် သော အာ လုပ် စကား ။	G10	Upper Secondary
ခက်ဆစ် အဖွင့်	၃ ။ ဂုံ ချို = အရွက် ကို ဟင်း ချက် စား ရ သော နွယ်ပင် တစ် မျိုး ။ အပွင့် ဝါ စိမ်းစိမ်း ရှိ သည် ။ ( ဂုံ ခါး လည်း ရှိ သော ကြောင့် ဤ နေရာ တွင် ဂုံ ချို ဟု ဆို ထား ခြင်း ဖြစ် သည် ။ )	G10	Upper Secondary
ခက်ဆစ် အဖွင့်	၄ ။ ဂုံ ချို ကုံး = ဂုံ ချို ပန်းကုံး ။	G10	Upper Secondary
ခက်ဆစ် အဖွင့်	၅ ။ ဆောင်လုံးညီး = တစ် ဆောင် လုံး ကို ထိန်လင်း စေ သူ ၊ ( မိန်းမပျို ကလေး ၏ အလှ ကို ချီးမွမ်း ဖွဲ့ ဆို သော စကား )	G10	Upper Secondary
ခက်ဆစ် အဖွင့်	၆ ။ ဒန်းပင် = အရွက် နှင့် အညွန့် ကို လက်သည်း ခြေသည်း အနီ ဆိုး ရာ တွင် သုံး လေ့ ရှိ သော အပင် ငယ် ၊ အပွင့် ရောင်စုံ ပွင့် သော အပင် ငယ် တစ် မျိုး ။	G10	Upper Secondary
ခက်ဆစ် အဖွင့်	၇ ။ နတ် ခရိုင် = နတ်စင် ။	G10	Upper Secondary
ခက်ဆစ် အဖွင့်	၈ ။ ယောက် မ = မိန်းမ အချင်းချင်း ရင်းနှီး ချစ် ခင် သဖြင့် ခေါ်ဝေါ် သော အာ လုပ် စကား ။	G10	Upper Secondary
ခက်ဆစ် အဖွင့်	၉ ။ ရွှေဖီဦး = တပေါင်း ၊ တန်ခူးလ တွင် ဦး စွာ ပွင့် တတ် သော သရဖီပန်း ။	G10	Upper Secondary
ခက်ဆစ် အဖွင့်	၁၀ ။ ဝါ ဦး = ဝါ ဝင် စ အချိန် ။ ၁၁ ။ အုတ် ပလ္လင် = ညောင်ပင် ရင်း တွင် ပတ် ၍ ပြုလုပ် ထား သော အုတ်ခုံ မြင့် ။	G10	Upper Secondary
သင်ခန်းစာ ဆိုလိုရင်း	မိန်းမပျို ကလေး သည် မိမိ ကို မေတ္တာ သက်ဝင် နေ သူ အား မိမိ နေ အိမ် ကို သိ ရှိ အောင် ပတ်ဝန်းကျင် နှင့်တကွ သရုပ်ဖော် ပြ ပြီး စကား ပရိယာယ် ဖြင့် ဖိတ်ခေါ် ပုံ ကို ရေး ဖွဲ့ ထား သည် ။	G10	Upper Secondary
လေ့ကျင့်ခန်း မေးခွန်း များ	၁ ။ မယ် ကလေး သည် မိမိ ၏ နေ အိမ် ကို မည် သို့ လမ်းညွှန် သနည်း ။ ၂ ။ မယ် ကလေး သည် မိမိ ကို မေတ္တာ သက်ဝင် နေ သူ အား စကား ပရိယာယ် ဖြင့် မည် သို့ ဖိတ်ခေါ် သနည်း ။ ၃ ။ အောက် ပါ အဖွဲ့ နှစ် ရပ် ကို နှစ်သက် ဖွယ် ရေး ပါ ။ ( က ) ဝါ ဆို ငယ် မှ ဝါ ဦး ၊ မြေ နူးနူး ကို တူး လှည့် ပါ ရှင် ။ ( ခ ) တပေါင်း ငယ် မှ တန်ခူး ၊ ရွှေဖီဦး ကို ခူး လှည့် ပါ ရှင် ။ ၄ ။ နှမထွေး မယ့် ကို လို လျှင် ကဗျာ ကို ဖတ်ရှု ပြီး နောက် မည် သည့် ရ သ ကို မည် သို့ ခံစား ရ သနည်း ။ ၅ ။ ညောင်ရမ်းခေတ် မိန်းမပျို တို့ ၏ ချစ် ခြင်း မေတ္တာ နှင့် ကိုယ်ကျင့်သိက္ခာ ကို သုံးသပ် တင်ပြ ပါ ။	G10	Upper Secondary
တျာချင်း ဝသန် ကာလ မိုး ကျ တည့် လျှင် ( ညောင်ရမ်းခေတ် )	" ဝသန် ကာလ ၊ မိုး ကျ တည့် လျှင် " အစချီ သည့် ဤ ကဗျာ သည် ညောင်ရမ်းခေတ် စာ ဆို ‘ ဝန်ကြီး ပဒေသရာဇာ " စပ် ဆို ခဲ့ သော ကဗျာ တစ် ပုဒ် ဖြစ် သည် ။	G10	Upper Secondary
တျာချင်း ဝသန် ကာလ မိုး ကျ တည့် လျှင် ( ညောင်ရမ်းခေတ် )	စာ ဆို ဝန်ကြီး ပဒေသရာဇာ ( မြန်မာ သက္ကရာဇ် ၁ဝ၄၅ ခုနှစ် ခန့် - ၁၁၁၆ ခုနှစ် ) (ခရစ်နှစ် ၁၆၈၃ ခုနှစ် ခန့် - ၁၇၅၄ ခုနှစ် ) သည် စနေ မင်း ၊ တနင်္ဂနွေ မင်း တို့ ထံ တွင် စတင် ၍ မင်း မှု ထမ်း ခဲ့ သည် ။ မဟာဓမ္မရာဇာဓိပတိ ဘွဲ့ ခံ ဟံသာဝတီ ရောက် မင်း လက်ထက် တွင် အထူး ချီးမြှောက် ခံ ရ သည် ။ ဟံသာဝတီ ရောက် မင်း သည် ကိုယ်တိုင် က ပင် စာပေ ကျမ်းဂန် လေ့လာ လိုက် စား သော စာ ဆို တစ် ဦး ဖြစ် သည့် အလျောက် စာ ဆို ဝန်ကြီး ကို ကြည်ညို ယုံ မှတ် သော အား ဖြင့် " ပဒေသရာဇာ " ဟူသော ဘွဲ့ ဖြင့် ချီးမြှင့် ကာ " စာ ဆို ကြီး " ဟု လေး မြတ်စွာ ခေါ် ဆို ခဲ့ သည် ။ နတ်ရှင်နောင် ဘွဲ့ ၊ မြို့ တွင်း နတ် ရှင် ဘွဲ့ ၊ မြို့ တွင်း ဘုရင် ဘွဲ့ စ သော ဘွဲ့ထူးဂုဏ်ထူး အမျိုးမျိုး တို့ ဖြင့် လည်း ချီးမြှင့် မြှောက် စား ခဲ့ သည် ။ စာ ဆို ဝန်ကြီး သည် " စာ နု ကို လည်း မ ချစ် နှင့် ၊ သူ ဇာ ကို လည်း မ ပစ် နှင့် ဟု ကျော်ကြား သော သူဇာပျို့ နှင့်တကွ အခြား ပျို့ ၁၃ စောင် တို့ ကို လည်း ကောင်း ဧချင်း ၊ ရ တု ၊ လင်္ကာ နှင့် သီချင်း များ စွာ တို့ ကို လည်း ကောင်း ရေး ခဲ့ သည် ။ နတ် သံခဲ နှင့် ထံတျာ တေ ရှင် ဟု လူ သိ များ သော ပုစဉ်း တောင် သံကြိုး တို့ ကို လည်း ရေး ခဲ့ သည် ။ အင်းဝ ပျက် ၍ ဟံသာဝတီ သို့ ဘုရင် ပါ သောအခါ စာ ဆို ကြီး လည်း အတူ ပါ ခဲ့ ၍ သန်လျင် ၌ ကွယ်လွန် ခဲ့ သည် ။	G10	Upper Secondary
တျာချင်း ဝသန် ကာလ မိုး ကျ တည့် လျှင် ( ညောင်ရမ်းခေတ် )	စာ ဆို ကြီး သည် လယ်သမား ၊ ထန်းတက်သမား ၊ လှေသမား ၊ တောင် ပိုင် တက် ၊ ဆင်ဖမ်းသမား ဘွဲ့ တျာချင်း များ ကို ဖွဲ့ ဆို ခဲ့ သည် ။ တျာချင်း ဆို သည် မှာ မြန်မာ ဂီတ တွင် ထံ ၊ တျာ၊တေ၊တျောစ သော သံစဉ် များ ရှိ ရာ သာယာနာပျော် ဖွယ် ဖြစ် သော " တျာ " သံ ဖြင့် သီဆို ရ သော တေး ကဗျာ တစ် မျိုး ဖြစ် သည် ။ ပဒေသရာဇာ ၏ တျာချင်း များ တွင် အစု ဝင် မင်း မှု ထမ်း မ ဟုတ် သည့် ဆင်းရဲသား ပြည်သူ တို့ ၏ ဘဝ ကို ရေး ဖွဲ့ ထား သည် ကို တွေ့ နိုင် သည် ။ ဤ သို့ ရေး ဖွဲ့ ရာ တွင် ဆင်းရဲသား ပြည်သူ တို့ ကို ကဲ့ရဲ့ ခြင်း ၊ ရှုတ်ချ ခြင်း အလျှင်း မ ပါ ၊ သနား ချစ် ခင် ခြင်း ၊ ချီးကျူး ဂုဏ် တင် ခြင်း တို့ သာ ပါ သည် ။ ဝန်ကြီး ပဒေသရာဇာ ၏ တျာချင်း များ သည် မြန်မာ စာပေ တွင် တစ်မျိုးတစ်ဖုံ ဆန်းသစ် ခဲ့ သည် ။	G10	Upper Secondary
ဝသန် ကာလ မိုး ကျ တည့် လျှင်	ဝသန် ကာလ ၊ မိုး ကျ တည့် လျှင် ပျော်ပျော်ပါးပါး ၊ မ ယား နှင့် ဆွေ ငယ် လင် လက်တွဲ ငယ် ခြေ ငင် ၊ ကိုယ် တွင် အဝတ်ပုဆိုး အင်္ကျီ စုတ်ပြဲ ပြီ ချည် နီ ဗောင်း တွတ်တွတ် ကယ် နှင့် လေး ။ မိုး ရေ စွတ် လို့ ၊ အဝတ် ကယ် မ ပါ သား သမီး ကို ၊ ကိုယ် ထီး ပွေ့ လို့ သာ ဆေးတံ တစ် ထွာ ၊ လယ်ကွက် ကယ် တစ် ခွင် ၊ ထွန် ရေး ငင် ရေ ဝင် ပုစွန် တွင်း ငယ် နှင့် လေး ။ ဖား ပေါင် စင်း ငယ် ၊ ခြင်း ပလိုင်း ဝယ် ခရု ပီ လော ၊ ရောနှော ၍ သာ လွယ် ဟင်းရွက် ကယ် နုနယ် ၊ တစ် သွယ် ကန်စွန်း ဆူးပုတ် ကယ် ကင်း ပုံ ၊ အလုံးစုံ ဖူးငုံ သာ ရော ၍ ပြွမ်း သည် နှင့် လေး ။ ချို လည်း ချို လွန်း ၊ ရည် ရွှမ်း များ စွာ ကြံ ဟင်း ကြွက် နား ပေါင်း သောင်း ပြောင်း ရော ၍ သာ အိမ် သို့ ရောက် ခါ ၊ လျင် စွာ ချက်ပြုတ် ထမင်း က ပူ ၊ ဟင်း က ပူ ရှူရှူ သာ ရှမ်း ငရုတ် ကယ် နှင့် လေး ။ အလုတ် ကယ် ဧရာသာ ၊ ငုံ့ ကာ လွေး တော့ သည် ။ သား မြေး ငယ် မာ ချာ ၊ ဘယ် ညာ ထွေး တော့ သည် ။ ၁၇ ရာစု ဝန်ကြီးပဒေသရာစာ	G10	Upper Secondary
ဝသန် ကာလ မိုး ကျ တည့် လျှင်	ခက်ဆစ် အဖွင့် ၁ ။ ကိုယ် ထီး = တစ် ကိုယ် ထီး တည်း ။	G10	Upper Secondary
ဝသန် ကာလ မိုး ကျ တည့် လျှင်	၂ ။ ကြံ ဟင်း = အရိုး သုံး မြှောင့် ရှိ သော နွယ်ပင် ။ ( အရိုး ၊ အရွက် ကို ဟင်း ချက် စား ရ သည် ။ )	G10	Upper Secondary
ဝသန် ကာလ မိုး ကျ တည့် လျှင်	၃ ။ ကြွက် နား ပေါင်း = ဟင်းရွက် တစ် မျိုး ။	G10	Upper Secondary
ဝသန် ကာလ မိုး ကျ တည့် လျှင်	၄ ။ ဆွေ ငယ် လင် = ခင်ပွန်း ။ ယောက်ျား ။	G10	Upper Secondary
ဝသန် ကာလ မိုး ကျ တည့် လျှင်	၅ ။ တွတ်တွတ် = အလွန်အမင်း နီရဲ သော ။	G10	Upper Secondary
ဝသန် ကာလ မိုး ကျ တည့် လျှင်	၆ ။ ပလိုင်း = ကြိမ် ၊ နှီး စသည် ဖြင့် ရက် လုပ် ထား သော လွယ် ရ သည့် ထည့် စရာ ခြင်း တောင်း ရှည် ။	G10	Upper Secondary
ဝသန် ကာလ မိုး ကျ တည့် လျှင်	၇ ။ ပီ လော = ချွဲကျိ သော ဟင်းချို ရွက် တစ် မျိုး ။	G10	Upper Secondary
ဝသန် ကာလ မိုး ကျ တည့် လျှင်	၈ ။ ပြွမ်း = အမျိုးမျိုး အထွေထွေ ရောနှော သည် ။	G10	Upper Secondary
ဝသန် ကာလ မိုး ကျ တည့် လျှင်	၉ ။ ဖား ပေါင် စင်း = ပေါင်တံ သွယ် သော ဖား တစ် မျိုး ။	G10	Upper Secondary
ဝသန် ကာလ မိုး ကျ တည့် လျှင်	၁၀ ။ ဗောင်း = ခေါင်း ပေါင်း	G10	Upper Secondary
ဝသန် ကာလ မိုး ကျ တည့် လျှင်	၁၁ ။ ရွှမ်း = အရည် များ သော ။	G10	Upper Secondary
ဝသန် ကာလ မိုး ကျ တည့် လျှင်	၁၂ ။ လွေး = အား ရ ပါး ရ စားသောက် သည် ။	G10	Upper Secondary
ဝသန် ကာလ မိုး ကျ တည့် လျှင်	၁၃ ။ ဝသန် = မိုး အခါ ။	G10	Upper Secondary
ဝသန် ကာလ မိုး ကျ တည့် လျှင်	၁၄ ။ သောင်း ပြောင်း = အရောရောအနှောနှော ။	G10	Upper Secondary
ဝသန် ကာလ မိုး ကျ တည့် လျှင်	၁၅ ။ အလုတ် = ထမင်းလုတ် ။	G10	Upper Secondary
ဝသန် ကာလ မိုး ကျ တည့် လျှင်	၁၆ ။ ဧရာ = ကြီးမား သော ။	G10	Upper Secondary
သင်ခန်းစာ ဆိုလိုရင်း	မိုး အခါ လယ် လုပ် လယ် ထဲ ဆင်း ကြ သော လယ်သမား မိသားစု ဆင်းဆင်းရဲရဲ ဝတ် စား ပုံ ၊ စားသောက် ပုံ ၊ ဆင်းရဲ သော်လည်း ပျော်ရွှင် ရောင့်ရဲ စွာ နေ ကြ ပုံ ကို ရေး ဖွဲ့ ထား သည် ။	G10	Upper Secondary
လေ့ကျင့် ရန် မေးခွန်း များ	၁ ။ ဤ ကဗျာ တွင် ပါ ဝင် သော ဟင်းလျာ နှင့် အသီးအရွက် များ ကို ဖော်ပြ ပါ ။	G10	Upper Secondary
လေ့ကျင့် ရန် မေးခွန်း များ	၂ ။ ညောင်ရမ်းခေတ် လယ်သမား မိသားစု တစ် စု ၏ နေ့စဉ် ဘဝ အပေါ် ကျေနပ် ရောင့်ရဲ နိုင် ပုံ ကို ရေး သား ပါ ။	G10	Upper Secondary
လေ့ကျင့် ရန် မေးခွန်း များ	၃ ။ " အလုတ် ကယ် ဧရာ သာ ၊ ငုံ့ ကာ လွေး တော့ သည် ။ သား မြေး ငယ် မာ ချာ ၊ ဘယ် ညာ ထွေး တော့ သည် ။ " ဟူ သည့် စာ သား ကို သင် မည် ကဲ့သို့ နားလည် သနည်း ။ ရှင်းပြ ပါ ။	G10	Upper Secondary
လေ့ကျင့် ရန် မေးခွန်း များ	၄ ။ ဝသန် ကာလ မိုး ကျ တည့် လျှင် ကဗျာ ကို ဖတ် ပြီး နောက် မည် သည့် ရ သ ကို မည် သို့ ခံစား မိ သနည်း ။	G10	Upper Secondary
လေ့ကျင့် ရန် မေးခွန်း များ	၅ ။ တျာချင်း ကဗျာ ရွတ်ဆို ၊ နားထောင် ရ ခြင်း ကို နှစ်သက် ပါ သလား ။ အဘယ် ကြောင့် နည်း ။	G10	Upper Secondary
လေး ဆစ် လက်ဆောင် ( ကုန်းဘောင် ခေတ် )	မ ဝယ် ဘူး မယ် ခူး တဲ့ ဖက် စို အစချီ သည့် ဤ ကဗျာ သည် ကုန်းဘောင် ခေတ် စာ ဆို " မယ် ခွေ ’ စပ် ဆို ခဲ့ သည့် ကဗျာ တစ် ပုဒ် ဖြစ် သည် ။	G10	Upper Secondary
လေး ဆစ် လက်ဆောင် ( ကုန်းဘောင် ခေတ် )	မယ်ခွေ ( မြန်မာ သက္ကရာဇ် ၁၁၅ဝ ပြည့် နှစ် ခန့် - ၁၂၁၀ ခုနှစ် ခန့် ) ကား ရတနာသိင်္ဃ မြို့ နေ စစ်တောင်းဝန် ၏ သမီး နှစ် ယောက် အနက် အငယ် ဖြစ် သည် ။ အရွယ် ရောက် သော် အမွေ ဝန်ဟောင်း မောင်စွက် နှင့် စုံ ဖက် ၏ ။ မယ်ခွေ ၏ အစ်မ မှာ မယ်ကေ ဖြစ် သည် ။ မယ်ခွေ သည် မြန်မာ သက္ကရာဇ် ၁၁၄၃ ခုနှစ် တွင် နန်းတက် တော် မူ သော ဘိုးတော်ဘုရား လက်ထက် နန်းတွင်း ၌ ခစား ထမ်းရွက် ကာ အမျိုးသမီး စာ ဆို တော် ဟု ကျော်ကြား လာ ပေ သည် ။ ပညာရှင် အချို့ တို့ မှတ်သား ချက် အရ မူ မယ်ခွေ သည် သက္ကရာဇ် ၁၁၉၉ ခုနှစ် တွင် နန်းတက် တော် မူ သော ကုန်းဘောင် မင်းတရား ကြီး လက်ထက် တော် တိုင် အောင် ထင် ပေါ် ကျော်ကြား သူ ဖြစ် ၏ ။ မယ်ခွေ သည် ၁၂ လ ၊ ၁၂ ရာသီ လုံး ကို ပင် အဲချင်း ကဗျာ ဖြင့် ရေး ဖွဲ့ ခဲ့ သည် ဖြစ် ရာ ရှေး က ပေါ် ခဲ့ ဖူး သော ဆယ့်နှစ် ရာသီ ဘွဲ့ ရတု ၊ ဆယ့်နှစ် ရာသီ ဘွဲ့ လူးတား များ နှင့် မ တူ တစ် မူ ထူးခြား နေ သည် ။ ထို ဆယ့်နှစ် ရာသီ အဲချင်း အပြင် ရှစ်ဆယ် ပေါ် အဲချင်း များ ၊ တျာချင်း များ ၊ ငို ချင်း များ ၊ လေးဆစ် များ ၊ ရတု များ ကို လည်း ရေး သား ခဲ့ ပေ သေး သည် ။ အထူးသဖြင့် အဲချင်း များ နှင့် ငို ချင်း များ ကြောင့် ထင်ရှား ကျော်စော သည် ။	G10	Upper Secondary
လက်ဆောင်	မ ဝယ် ဘူး မယ် ခူး တဲ့ ဖက် စို ။ မီး မ ကူ နေ ပူ မှာ မ ကင် အား တာ ကြောင့် ထား ရ တယ် အိပ်ရာ အောက် မှာ မင်း သောက် ဖို့ ကို ။ ညှာ အနား ရှေ့ သွား နှင့် ကိုက် လို့ တို မ ချို တောင့် လိပ် ဆေး ။ ပိုး မ ကူ ဝါ ချည် ဖြူ တစ် ပင် ရစ် ကယ် နှင့် ငယ် ချစ် မောင် ရွှေဝ သွား ကို ပါး လိုက် တယ် လေး ။ ၁၉ ရာ စု မယ်ခွေ	G10	Upper Secondary
ခက်ဆစ် အဖွင့်	၁ ။ ပါး = လက်ဆောင် ပေး သည် ။	G10	Upper Secondary
ခက်ဆစ် အဖွင့်	၂ ။ မ ကင် အား = မ ကင် ရက်	G10	Upper Secondary
ခက်ဆစ် အဖွင့်	၃ ။ မ ချို တောင့် = မ ချို စ ဖူး ( ချို သော ) ။	G10	Upper Secondary
ခက်ဆစ် အဖွင့်	၄ ။ ရွှေ ဝ = အင်းဝ ရွှေ မြို့တော် ။	G10	Upper Secondary
သင်ခန်းစာ ဆိုလိုရင်း	ချစ် သူ မောင် သောက် ရန် အတွက် ကိုယ်တိုင် ပြုလုပ် သော ဆေးလိပ် တွင် မိန်းမပျို လေး ၏ ချစ် ခြင်း မေတ္တာ များ ပါ ဝင် နေ ပုံ ကို ဖွဲ့ ဆို ထား ပါ သည် ။	G10	Upper Secondary
လေ့ကျင့်ခန်း မေးခွန်း များ	၁ ။ မိန်းမပျို လေး သည် ချစ် သူ အားပေး မည့် လက်ဆောင် ကို မည် သို့ ဖန်တီး ပြုလုပ် ခဲ့ သနည်း ။ ၂ ။ လက်ဆောင် ကဗျာ တွင် တွေ့ ရ သော မိန်းမပျို လေး ၏ ချစ် သူ မောင် အပေါ် ထား ရှိ သည့် စေတနာ မေတ္တာ ကို ချီးကျူး ရေး သား ပါ ။ ၃ ။ " မီး မ ကူ နေ ပူ မှာ မ ကင် အား " ဟူသော စကား ကို သင် မည် သို့ နားလည် သနည်း ။ ၄ ။ လက်ဆောင် ကဗျာ မှ မည် သည့် ရ သ များ ကို ခံစား ရ သနည်း ။ ၅ ။ လက်ဆောင် ကဗျာ ၏ အသံ ချိုသာ မှု ကို နှစ်သက် ပါ သား ။ သင့် ထက် မြင် ချက် ကို ရှင်းပြ ပါ ။	G10	Upper Secondary
ကောက်စိုက် ဗုံကြီးသံ ဗုံ တော် သား ( ကုန်းဘောင် ခေတ် )	" မောင့် ဗုံသံ အစာ ကောင်း လို့ " အစချီ သော ဤ ကဗျာ သည် ကုန်းဘောင် ခေတ် တွင် ပေါ်ပေါက် ခဲ့ သည့် ကဗျာ တစ် ပုဒ် ဖြစ် သည် ။	G10	Upper Secondary
ကောက်စိုက် ဗုံကြီးသံ ဗုံ တော် သား ( ကုန်းဘောင် ခေတ် )	ဗုံကြီးသံ များ သည် ကုန်းဘောင် ခေတ် ဦး လောက် က စတင် ၍ လယ်ကွင်း ထဲ တွင် ပေါ်ပေါက် ခဲ့ ကြ သည် ။ ကုန်းဘောင် ခေတ် တစ် လျှောက် လုံး လယ်ကွင်း များ တွင် ကောက်စိုက် ဗုံကြီးသံ များ ပျံ့လွင့် ခဲ့ သည် ။ လယ်ကွင်း ထဲ က လယ်သမား များ ကိုယ်တိုင် သီကျူး ခဲ့ ကြ သော တေး များ ဖြစ် သော ကြောင့် ဗုံကြီးသံ များ သည် လယ်သမား များ ၏ ဘဝ ကို ထင်ဟပ် သည် ။ ထို့ကြောင့် ဗုံကြီးသံ များ ကို ပြည်သူ့ တေးသံ များ အဖြစ် တန်ဖိုး ထား ကြ သည် ။	G10	Upper Secondary
ကောက်စိုက် ဗုံကြီးသံ ဗုံ တော် သား ( ကုန်းဘောင် ခေတ် )	ဗုံကြီးသံ များ ကို ဗုံ ကြီး အတီး နှင့် တွဲဖက် ၍ သီဆို ကြ သည် ။ ဆို သောအခါ တစ် ပုဒ် စီ ၏ အဆုံး ၌ အများအားဖြင့် " လေ့ " ထည့် ၍ ဆို လေ့ ရှိ သည် ။ အဖွဲ့ ပုံစံ မှာ ဒွေးချိုး ၊ လေး ချိုး တို့ နှင့် ဆင်ဆင်တူ သည် ။ တစ် လံ လောက် ရှည် သော ဗုံ ကြီး နှစ် လုံး ကို တီး သူ တို့ က တီး လျက် ဆို ကြ က ကြ သည် ကို ဗုံ ပွဲ ဟု ခေါ် သည် ။ ဗုံ ပွဲ တွင် ဗုံ ကြီး ကို လွယ် ၍ တီး သူ တို့ က တီး လျက် ဆို ကြ က ကြ သည် ကို ဗုံ ပွဲ ဟု ခေါ် သည် ။ ဗုံ ပွဲ တွင် ဗုံ ကြီး ကို လွယ် ၍ တီး သူ အမျိုးသား နှစ် ယောက် ၊ လင်းကွင်း တီး သူ အမျိုးသား တစ် ယောက် ၊ ဆို ရင်း က သူ အမျိုးသမီး တစ် ယောက် အနည်းဆုံး လူ လေး ယောက် ပါ ဝင် သည် ။ လင်းကွင်း တီး သူ မှာ ဗုံ မင်းသား ( ဗုံသည် ) ဖြစ် ၍ လင်းကွင်း ကို က ဟန် က ကွက် နှင့် တီး ရင်း ဗုံ မင်းသမီး နှင့် အပြန်အလှန် စောင်းချိတ် သီဆို သည် ။ အချို့ ဗုံ ပွဲ တွင် နှဲမှုတ် သူ နှင့် ဝါးလက်ခုပ်တီး သူ တို့ တိုးချဲ့ ပါ ဝင် သည် ။ ဝါးလက်ခုပ်တီး သူ မှာ ဗုံ မင်းသား က ဟန် ကို တုပ ၍ အပြောင်အပြက် က ပြ သူ ဖြစ် သည် ။	G10	Upper Secondary
ကောက်စိုက် ဗုံကြီးသံ ဗုံ တော် သား ( ကုန်းဘောင် ခေတ် )	ဗုံကြီးသံ ကို အလှူ မင်္ဂလာ ဘာသာ ရေး ပွဲ များ တွင် တီးမှုတ် သီဆို လေ့ ရှိ သည် ။ ကောက်စိုက် ရာ တွင် လည်း တီးမှုတ် သီဆို ကြ သည် ။ ကောက်စိုက် ဗုံကြီးသံ တို့ သည် ရှင် ဘုရင် ၏ လယ်ထွန် မင်္ဂလာ ပွဲ များ တွင် လည်း တွင် ကျယ် ခဲ့ သည် ။	G10	Upper Secondary
ကောက်စိုက် ဗုံကြီးသံ ဗုံ တော် သား ( ကုန်းဘောင် ခေတ် )	ယနေ့ အခါ တွင် ဗုံကြီးသံ များ ကို ရွှေဘို မြောက် လက် အချို့ နေ ရာ တို့ ၌ ကြား ရ ဆဲ ဖြစ် သည် ။	G10	Upper Secondary
ဗုံ တော် သား	မောင့် ဗုံသံ အစာ ကောင်း လို့ မောင်း သံ လို ဟည်း ချစ် ကြိုး သီ တဲ့ ပင် ကို လှ ရယ် မင်း ကြွ ခဲ့ ဦး ။ ဗုံ ပွဲ ကို တဲ့ ရှု မယ် လာ ကိုက် ဗျာ ဆံရှည် ပါ လှ တယ် သား များ မေ လား ။ သား များ မ အေ တကယ် လေ ဗုံ တော် သား ရဲ ပါ့ မ လား ။ ဗုံ ပွဲ ကို တဲ့ ရှူ လှည့် ပါ ပြတင်း ရယ် လေ သာ ပေါက် က မေး ထောက် လို့ မှာ ။ မယ် မ လာ လိပ်ပြာ ကို စေ တဲ့ လား ကွယ် ဘုန်း မယ့် ကိုယ် စား ။ ချစ် ပါ တဲ့ ကြိုက် ပါ လူပျို တွေ လယ်ကန်သင်း က ပျင်း နေ့ တိုင်း လာ ။ မ ချစ် သာ လို့ နေ ပါ သေး တယ် မ ကြိုက် သာ လို့ နေ ပါ သေး တယ် နှမ လေး ကိုယ် မ အား တယ် ရဲ စား နဲ့ လေး ။ ရွှေ နား တောင်း ကို လ ဗုံ ခေါင်း လောက် ဝတ် စေ့ မယ် ၊ ဗုံ ကြီး သည် လိမ်လည် လှည့် နား ချဲ့ မိ တယ် ။	G10	Upper Secondary
ဗုံ တော် သား	မေး ပါ နဲ့ ဟယ် ရွှေ ကို ကွယ် မ ဆို ထား နဲ့ ငွေ ကို ကွယ် မ ဆို ထား နဲ့ သူ့ နား မှာ ရွှေ ပေ ရွက် ကို ပေး ရက် ကဲ့ လား ။ လုပ် ရ တယ် တဲ့ ကိုင် ရ တယ် မောင် ကြီး ပျိုးနုတ် ရ တယ် ။ လုပ်ငန်း ရယ် တဲ့ မ တွင် သာ နွားပြာ ပိန် ချို လိမ် ကော့ က အားပျော့ လို့ ဗျာ ။ ထမင်း က ညံ့ လိုက် တာ မ သေ ရုံ ချဉ်ပေါင်ဟင်း တင်း မျို ရ ရှာ ။ ထွာ နံ ငယ် ခမောက် စုတ် နဲ့ လူ လုပ် ကယ် တဲ့ ညံ့ လိုက် တာ ဆိုး တဲ့ ကံ ဟာ ။ မိုး မ ရွာ မြေ သာ ကွဲ လို့ ခ နွဲ့ နဲ့ ရေ ကို တင် ပန်း တဲ့ ဖြစ် အင် ။ ကောက် တီ နဲ့ မယ် စော ရောနှော လို့ ပျိုးထောင် မိုး လေ က ခေါင် ။ သည် ပျိုး ရယ် ရေ အောင် မှ မယ် နဲ့ မောင် အလှူ ပေး ရ မယ် မိုး ကူ ပါ့ လေး ။ ၁၉ ရာ စု အမည် မ သိ ရှေး စာ ဆို	G10	Upper Secondary
ခက်ဆစ် အဖွင့်	၁ ။ ကောက် တီ = တပေါင်း လ အကုန် တွင် စိုက်ပျိုး ရ သော မု ရင်း စပါး တစ် မျိုး ။	G10	Upper Secondary
ခက်ဆစ် အဖွင့်	၂ ။ ကိုက် ဗျာ ဆံ = နားရွက် နှစ် ဖက် နောက် သို့ သိမ်း စု ၍ နားရွက် အောက် မှ ရှေ့ သို့ ပြန် ၍ အဖျား ကော့ ထွက် ထား သော ဗျာ ပါ ဆံ ၊ ဆံပင် စု ။ ၃ ။ ကိုယ် မ အား = သက်ဆိုင် သူ ရှိ ပြီး သား ။	G10	Upper Secondary
ခက်ဆစ် အဖွင့်	၄ ။ ခန္တီ = လယ် ထဲ သို့ ရေ သွင်း ရာ တွင် အသုံးပြု ရ သော အရိုး ရှည် တပ် ပက် ခွက် ။	G10	Upper Secondary
ခက်ဆစ် အဖွင့်	၅ ။ ချို လိမ် ကော့ = ကော့ လိမ် နေ သော ဦး ချို ရှိ သည့် နွား ။	G10	Upper Secondary
ခက်ဆစ် အဖွင့်	၆ ။ ထွာ နံ ငယ် = တစ် ထွာ ခန့် ရှိ သော နံ ငယ် ပိုင်း ။	G10	Upper Secondary
ခက်ဆစ် အဖွင့်	၇ ။ ထွန် ကို ဖြုတ် = ထွန် မှ နွား ကို ဖြုတ် သည် ။ အလုပ် နား သည် ။	G10	Upper Secondary
ခက်ဆစ် အဖွင့်	၈ ။ ပျိုးထောင် = မျိုးစေ့ ကို ပျိုးပင် အဖြစ် ရောက် အောင် စတင် စိုက် သည် ။	G10	Upper Secondary
ခက်ဆစ် အဖွင့်	၉ ။ ဗုံ တော် သား ။ ဗုံ သမား ။	G10	Upper Secondary
ခက်ဆစ် အဖွင့်	၁၀ ။ မယ် စော = ကောက် လတ် စပါး တစ် မျိုး ။	G10	Upper Secondary
ခက်ဆစ် အဖွင့်	၁၁ ။ ရဲ စား = ရည်းစား ။	G10	Upper Secondary
ခက်ဆစ် အဖွင့်	၁၂ ။ ရွှေ ပေ ရွက် = နား ပေါက် တွင် ပန်ဆင် ရ သော ပေ ရွက်လိပ် ။	G10	Upper Secondary
ခက်ဆစ် အဖွင့်	၁၃ ။ ရွှေဘို မြောက် လက် = ရွှေဘို ခရိုင် မြောက် ဘက် အစွန် ရှိ ရွာ ကလေး များ ကို ခေါ် သော အမည်	G10	Upper Secondary
ခက်ဆစ် အဖွင့်	၁၄ ။ သား မျာ့း မ အေ = သား များ စွာ တို့ ၏ မိခင် ။	G10	Upper Secondary
ခက်ဆစ် အဖွင့်	၁၅ ။ ဟည်း = မြည်ဟိန်း သည် ။	G10	Upper Secondary
ခက်ဆစ် အဖွင့်	၁၆ ။ အစာ = ပတ် စာ ။ ဗုံ များ အသံ သာ စေ ရန် နှင့် သံစဉ် ညီ စေ ရန် ဗုံ မျက်နှာပြင် တွင် ထပ် ပိုး ကပ် ရ သော ထမင်း နှင့် ပြာနု စသည် နယ် ထား သည့် အရာ ။	G10	Upper Secondary
သင်ခန်းစာ ဆိုလိုရင်း	ကုန်းဘောင် ခေတ် ကျေးလက် ရိုးရာ ဗုံ ပွဲ ကျင်းပ ရာ တွင် ဗုံ တော် သား နှင့် ကောက်စိုက်သမ များ ၏ အ စောင်း အချိတ် ၊ ဟာသ များ နှင့် ကျေးလက် နေ လယ်သမား တို့ ၏ ဘဝ ကို ထင်ဟပ် ပြ ကာ ကုန်းဘောင် ခေတ် လူ မှု ဆက်ဆံ ရေး ကို ဖော်ပြ ထား သည် ။ ၁၀ ၆	G10	Upper Secondary
လေ့ကျင့် ရန် မေးခွန်း များ	၁ ။ " မောင့် ဗုံသံ အစာ ကောင်း လို့ မှ ပေး ရက် ကဲ့ လား " အထိ ပါ ဝင် သည့် အကြောင်းအရာ ၏ ခေါင်းစဉ် ကို သင် မည် သို့ အမည် ပေး ချင် သနည်း ။ အဘယ် ကြောင့် နည်း ။	G10	Upper Secondary
လေ့ကျင့် ရန် မေးခွန်း များ	၂ ။ " လုပ် ရ တယ် တဲ့ ကိုင် ရ တယ် မှ မိုး ကူ ပါ့ လေး " အထိ ပါ ဝင် သည့် အကြောင်းအရာ ၏ ခေါင်းစဉ် ကို သင် မည် သို့ အမည် ပေး ချင် သနည်း ။ အဘယ် ကြောင့် နည်း ။	G10	Upper Secondary
လေ့ကျင့် ရန် မေးခွန်း များ	၃ ။ ဗုံ တော် သား ကဗျာ မှ လယ်သမား တို့ ၏ ဆင်းရဲ ပင်ပန်း သော ဘဝ သရုပ် ကို ဖော်ထုတ် တင်ပြ ပါ ။	G10	Upper Secondary
လေ့ကျင့် ရန် မေးခွန်း များ	၄ ။ လယ်သမား တို့ သည် ဆင်းရဲ သော်လည်း ဘဝ မျှော်လင့် ချက် ထား ရှိ သေး ပါ သလား ။ ကဗျာ ပါ မည် သည့် အထောက်အထား ကို ကိုး ကား ၍ ဖြေ ဆို မည် နည်း ။	G10	Upper Secondary
လေ့ကျင့် ရန် မေးခွန်း များ	၅ ။ ဗုံ တော် သား ကဗျာ ကို ဖတ် ပြီး မည် သို့ ခံစား မိ သနည်း ။	G10	Upper Secondary
အင်းလေး တိုက် တေး	" အင်း လယ် က ရွှေ ကြာပန်း ( ကုန်းဘောင် ခေတ် နှောင်း နှင့် ကိုလိုနီခေတ် ဦး ) " အင်း လယ် က ရွှေ ကြာပန်း " ကဗျာ စု သည် မောင် တင် မြိုင် ( အင်းလေး ) စုဆောင်း သည့် " အင်းလေး တိုက် တေး ကဗျာ များ " စာအုပ် မှ ရွေးချယ် ကောက်နုတ် ထား သော ကဗျာ အချို့ ဖြစ် ပါ သည် ။	G10	Upper Secondary
အင်း လယ် က ရွှေ ကြာပန်း	" အင်းလေး ဒေသ တွင် လူငယ် မောင် မယ် တို့ သည် မျက်နှာချင်းဆိုင် ၍ တေး ကဗျာ များ ကို အပြိုင်အဆိုင် ရွတ်ဆို ကြ သော အစဉ်အလာ ရှိ သည် ။ ဤ သို့ ရွတ်ဆို ကြ သော တေး များ ကို " တိုက် တေး " သို့မဟုတ် " ချိုး တေး " ဟု ခေါ် သည် ။ တိုက် တေး များ ကို တြိ ချိုး ၊ လေး ချိုး ပုံစံ များ ဖြင့် ပင် ဖွဲ့ ဆို လေ့ ရှိ ကြ သည် ။ ဒုတိယ ကမ္ဘာ စစ် ဖြစ် သောအခါ တွင် ထို ဓလေ့ မှေးမှိန် သွား ခဲ့ သည် ဟု သိ ရ သည် ။	G10	Upper Secondary
အင်း လယ် က ရွှေ ကြာပန်း	အင်းလေး တိုက် တေး တို့ သည် ကျေးလက် ရိုးရာ တေး များ ဖြစ် သည့် အလျောက် ရေး သူ အမည် မ ထင်ရှား ။ တေး တိုက်ပွဲ တွင် ဉာဏ်ရွှင် သော မောင် မယ် တို့ အပြန်အလှန် လက် တန်း ရွတ်ဆို ကြ သော တေး များ သာ ဖြစ် သည် ။ ထို တေး များ ကို အစဉ်အဆက် နှုတ် တက် ဆောင် ကာ လက်ဆင့်ကမ်း လာ ခဲ့ ကြ သည် ။	G10	Upper Secondary
အင်း လယ် က ရွှေ ကြာပန်း	အင်းလေး ဒေသ က မောင် မယ် တို့ သည် ပင်ပန်း လှ သော လယ်ယာ လုပ်ငန်း တွင် တစ် မိုးတွင်း လုံး ကိုယ် ရော စိတ် ပါ နှစ် မြှုပ် လုပ်ကိုင် ခဲ့ ကြ ရ သမျှ လုပ်ငန်း သိမ်း သောအခါ တေး တိုက်ပွဲ ကို ပျော်ရွှင် စွာ ဆင်နွှဲ ကြ သည် ။ စပါး ရိတ်သိမ်း ပြီး ချိန် သီတင်းကျွတ် ၊ တန်ဆောင်မုန်း လ များ တွင် တိမ်မြူ ကင်းစင် ၍ လ ရောင် ထွန်းလင်း သည့် အင်းလေးကန် ထဲ တွင် ကြာပန်း များ လည်း ဖွေးဖွေးလှုပ် အောင် ပွင့် နေ ကြ သည် ။ ဤ အခါ မျိုး တွင် အင်းလေး မောင် မယ် တို့ သည် တစ် ရွာ နှင့် တစ် ရွာ အချိန်းအချက် ပြု ၍ တေး တိုက်ပွဲ ဆင်နွှဲ ကြ သည် ။ အထူးသဖြင့် ဘုရား ပွဲတော် များ တွင် တေး တိုက်ပွဲ မ ပါ လျှင် မ ပြီး ချေ ။	G10	Upper Secondary
အင်း လယ် က ရွှေ ကြာပန်း	တေး တိုက်ပွဲ ဆင်နွှဲ သောအခါ လုံမပျို တို့ က အိမ် ပေါ် မှာ နေ ရာ ယူ ကြ သည် ။ လုလင်ပျို တို့ က လှေ ပေါ် မှာ နေ ရာ ယူ ကြ သည် ။ ပွဲ လာ ပရိသတ် သည် လ သာ သာ ကန်ရေပြင် ထက် လှေ ပေါ် က နားဆင် ကြ သည် ။ တေး တိုက်ပွဲ ကို ည လုံး ပေါက် ဆင်နွှဲ လေ့ ရှိ ကြ သည် ။ အပြိုင်အဆိုင် ရွတ်ဆို ကြ ရာ တွင် တုံ့ပြန် ၍ တေး မ ချိုး နိုင် သော ဘက် က ရှုံး ရ သည် ။	G10	Upper Secondary
အင်း လယ် က ရွှေ ကြာပန်း	မောင် ။ ။ သည် မောင် ကို ရ မ လား လို့ တစ် ည များ တစ် ခါ နှစ် ခါ လိမ်း တဲ့ နံ့သာ ။ မောင် မ လာ ၊ နံ့သာ တဲ့ အရှုံး ။ ပါး ပေါ် မှာ နံ့သာ စက် ကို လ ( မ ကြီး ရယ် ) ညည်း ရှက် ပါ အုံး ။	G10	Upper Secondary
အင်း လယ် က ရွှေ ကြာပန်း	မယ် ။ ။ သည် မယ် ကို ရ မ လား လို့ အင်္ကျီ များ တစ် ထေနှစ်ထေ ။ လဲလှယ် လို့ နေ ။ လဲ လို့ သာ နေ မယ့် ကို လေ ရ ဘဲ ။ ရွှေ အင်း တိမ် ကန် တော် ပွဲ မှာ ( မောင် ကြီး ရယ် ) ကြွေး တွေ က ဝဲ ။	G10	Upper Secondary
အင်း လယ် က ရွှေ ကြာပန်း	မောင် ။ ။ အင်း လယ် မှာ ရွှေ ကြာပန်း ကြာပန်း လေ နှစ် ပွင့် ဆိုင် ။ ခူး မယ် လို့ ကိုင် ၊ မ ပိုင် တဲ့ မောင် က ။ အင်း လယ် မှာ ရွှေ ကြာပန်း ( မ ကြီး ရယ် ) လှမ်း လို့ မ ရ ။	G10	Upper Secondary
အင်း လယ် က ရွှေ ကြာပန်း	မယ် ။ ။ ပန် ပါ တဲ့ ပန် ပါ ။ အရှေ့ လေ တောင် ပေါ် ထိပ် ပန်း ရွှေ လိပ်ပြာ ။ ပန် ကြ ပါ ၊ ရွာ သူ မို့ ရပ် သား ။ ပန်း လိပ်ပြာ သည် တောင်ကုန်း မှာ ( မောင် ကြီး ရယ် ) ဖုန်း စိုက် လို့ ထား ။ ၂ဝ ရာ စု အမည် မ သိ စာ ဆို	G10	Upper Secondary
ခက်ဆစ် အဖွင့်	၁ ။ တစ် ထေ နှစ် ထေ = တစ် ထည် နှစ် ထည် ။	G10	Upper Secondary
ခက်ဆစ် အဖွင့်	၂ ။ ရွှေ အင်း တိမ် = အင်းလေး ဒေသ ရှိ အင်း တိမ် ရွာ ။	G10	Upper Secondary
သင်ခန်းစာ ဆိုလိုရင်း	အင်းလေး ဒေသ တွင် တေး တိုက်ပွဲ ၌ မောင် မယ် တို့ တိုက် တေး ဆို ကြ ပုံ ၊ အပြန်အလှန် စောင်းချိတ် သီဆို ပုံ ၊ ပျော်ရွှင် စရာ ကောင်း ပုံ ၊ ပွဲတော် ကျင်းပ လေ့ ရှိ ပုံ တို့ ကို ရေး ဖွဲ့ ထား သည် ။	G10	Upper Secondary
လေ့ကျင့် ရန် မေးခွန်း များ	၁ ။ အင်း လယ် က ရွှေ ကြာပန်း ကဗျာ တွင် မောင် က မည် သို့ တေး တိုက် ၍ မယ် က မည် သို့ ချေပ သနည်း ။	G10	Upper Secondary
လေ့ကျင့် ရန် မေးခွန်း များ	၂ ။ အင်းလေး တိုက် တေး ရွတ်ဆို သူ များ ၏ ဖြတ်ထိုးဉာဏ် ရှိ ပုံ ကို " အင်း လယ် က ရွှေ ကြာပန်း " ကဗျာ လာ အကိုးအကား များ ဖြင့် ရေး ပါ ။	G10	Upper Secondary
လေ့ကျင့် ရန် မေးခွန်း များ	၃ ။ " ပန်း လိပ်ပြာ သည် တောင်ကုန်း မှာ ၊ ( မောင် ကြီး ရယ် ) ဖုန်း စိုက် လို့ ထား " ဟူသော စကား ၏ အဓိပ္ပာယ် ကို သင် နားလည် သလို ရှင်းပြ ပါ ။	G10	Upper Secondary
လေ့ကျင့် ရန် မေးခွန်း များ	၄ ။ အင်း လယ် က ရွှေ ကြာပန်း ကဗျာ ကို ဖတ်ရှု နားထောင် ပြီး နောက် မည် သည့် ရ သ ကို မည် သို့ ခံစား ရ သနည်း ။	G10	Upper Secondary
လေ့ကျင့် ရန် မေးခွန်း များ	၅ ။ အင်း လယ် က ရွှေ ကြာပန်း ကဗျာ မှ အင်းလေး ဒေသ ၏ တိုက် တေး ယဉ်ကျေး မှု ဓလေ့ အကြောင်း ကို ရှင်းပြ ပါ ။	G10	Upper Secondary
လေး ဆစ် ပတ္တမြား ရွှေ ဂူ ( ကိုလိုနီခေတ် )	ပြစ် မ ရှိ ပြစ် ရှာ အစချီ ကဗျာ သည် ကိုလိုနီခေတ် ရဟန်း စာ ဆို " မန်လည် ဆရာတော် " စပ် ဆို ခဲ့ သော ကဗျာ တစ် ပုဒ် ဖြစ် သည် ။	G10	Upper Secondary
လေး ဆစ် ပတ္တမြား ရွှေ ဂူ ( ကိုလိုနီခေတ် )	မန်လည် ဆရာတော် ၏ ငယ် မည် သည် မောင် မာ ဖြစ် ၍ ဘွဲ့ တော် မှာ ဦး ဇဝန ဖြစ် သည် ။ " မာန် မ လုပ် ချင် ဘု ၊ မာန် လုပ် လျှင် လွယ် သည် သာ ပ ၊ ငယ်မည် မှာ န ကို သတ် ရုံ ပဲ " ဟု ကိုယ် တော် တိုင် ရေး ဖွဲ့ ခဲ့ ဖူး သည် ။	G10	Upper Secondary
လေး ဆစ် ပတ္တမြား ရွှေ ဂူ ( ကိုလိုနီခေတ် )	မန်လည် ဆရာတော် ကို ကုန်းဘောင် ခေတ် နောက်ပိုင်း မြန်မာ သက္ကရာဇ် ၁၂ဝ၃ ခုနှစ် (ခရစ်နှစ် ၁၈၄၂ ခုနှစ် ) တွင် မန်လည် ရွာ ၌ ဖွားမြင် ခဲ့ သည် ။ ဆရာတော် သည် ပိဋကတ် စာပေ ၊ သက္ကတ စာပေ နှင့် ကဗျာ လင်္ကာ တို့ ကို ကျွမ်းကျင် တတ် မြောက် သည် ။ ကျမ်း ပေါင်း များ စွာ ပြုစု သည့် အတွက် အဂ္ဂမဟာပဏ္ဍိတ ဘွဲ့ တံဆိပ် ရ သည် ။ မြန်မာ သက္ကရာဇ် ၁၂၈၂ ခုနှစ် ဝါဆို လ (ခရစ်နှစ် ၁၉၂ဝ ပြည့် နှစ် ) တွင် ပျံလွန်တော်မူ သည် ။	G10	Upper Secondary
လေး ဆစ် ပတ္တမြား ရွှေ ဂူ ( ကိုလိုနီခေတ် )	မန်လည် ဆရာတော် သည် လောကီ ၊ လောကုတ္တ ရာ ဗဟုသုတ စုံလင် လှ သော မ ဟာ သုတ ကာ ရီ မ ဃ ဒေဝ လင်္ကာ သစ် ကြီး ကို ရေး ဖွဲ့ ခဲ့ သည် ။ ထို့ပြင် ကျမ်းဂန် အမျိုးမျိုး ၊ အမေးအဖြေ အမျိုးမျိုး ၊ အဆုံးအဖြတ် အမျိုးမျိုး နှင့် တေး ကဗျာ အမျိုးမျိုး ကို ရေး ဖွဲ့ ခဲ့ သည် သာ မ က မင်္ဂလာ ရ တု ပေါင်း ချုပ် ကို လည်း ရေး ဖွဲ့ ခဲ့ သေး သည် ။	G10	Upper Secondary
လေး ဆစ် ပတ္တမြား ရွှေ ဂူ ( ကိုလိုနီခေတ် )	ပတ္တမြား ရွှေ ဂူ ကို ဝက် များ က ညွှန် လူး ပွတ်တိုက် သော်လည်း မ ညစ် သည့် အပြင် ပိုမို ၍ အရောင် ထွက် ကြောင်း ငါးရာ့ငါးဆယ် ဇာတ်တော် လာ ၂၈၅ ဇာတ် မြောက် မဏိသုကရ ဇာတ် ကို ယူ ၍ " ပတ္တမြား ရွှေ ဂူ " ကဗျာ ကို ဖွဲ့ ဆို ထား ခြင်း ဖြစ် သည် ။	G10	Upper Secondary
ပတ္တမြား ရွှေ ဂူ	ပြစ် မ ရှိ ပြစ် ရှာ ။ လ မင်း ကို ခွေး ဟောင် လို့ ရွှေ လ ရောင် ပြောင် မ ပျက် တယ် ထွန်း လျက် ပင် သာ ။ မြ ရွှေ ဂူ ပတ္တမြား ကို လ ဝက် များ က ငြူစူ စွာ ညွန် လူး ကာ တိုက် နဲ ။ ပွတ် လေ လေ ဂူ ရွှေ မှာ အရောင် ထွက် တယ် ရှေး က ထက် ကဲ ။ ၁၉ ရာစု မန်လည် ဆရာတော်	G10	Upper Secondary
ခက်ဆစ် အဖွင့်	၁ ။ ငြူစူ = မ လို လား ၊ မ ကြည်ဖြူ ဖြစ် သည် ။	G10	Upper Secondary
ခက်ဆစ် အဖွင့်	၂ ။ ညွန် = စိုစွတ် ပျော့အိ သော ရွှံ ။	G10	Upper Secondary
ခက်ဆစ် အဖွင့်	၃ ။ တိုက် နဲ = ပွတ်တိုက် သော နည်း ဖြင့် တိုက် နည်း ။	G10	Upper Secondary
သင်ခန်းစာ ဆိုလိုရင်း	အပြစ် မ ရှိ သူ ကို မည် မျှ အပြစ် ရှာ စေကာမူ ဂုဏ်သရေ ညှိုးမှိန် မ သွား ကြောင်း ကို ဥပမာ ပေး ၍ ရေး ဖွဲ့ ထား သည် ။	G10	Upper Secondary
လေ့ကျင့် ရန် မေးခွန်း များ	၁ ။ " ပတ္တမြား ရွှေ ဂူ " လေး ဆစ် တွင် စာ ဆို ဖော်ပြ ထား သော ဥပမာ နှစ် ရပ် ကို ပေါ်လွင် အောင် ဖော်ပြ ပါ ။	G10	Upper Secondary
လေ့ကျင့် ရန် မေးခွန်း များ	၂ ။ အပြစ် မ ရှိ အပြစ် ရှာ တတ် သူ များ နှင့် ငြူစူ တတ် သူ များ အကြောင်း ကို စာ ဆို သည် မည် သို့ ပြစ်တင် ဝေဖန် ထား သနည်း ။	G10	Upper Secondary
လေ့ကျင့် ရန် မေးခွန်း များ	၃ ။ ပတ္တမြား ရွှေ ဂူ ကဗျာ မှ ခွေး နှင့် ဝက် တို့ တွင် မည် သူ က ပို မိုက် မဲ သည် ဟု ထင် သနည်း ။ အကြောင်း ပြ ဖြေ ဆို ပါ ။	G10	Upper Secondary
လေ့ကျင့် ရန် မေးခွန်း များ	၄ ။ " ပြစ် မ ရှိ ပြစ် ရှာ ၊ လ မင်း ကို ခွေး ဟောင် လို့ ၊ ရွှေ လ ရောင် ပြောင် မ ပျက် တယ် ၊ ထွန်း လျက် ပင် သာ ။ " ဟူ သည့် စကား ကို သင် မည် သို့ နားလည် သနည်း ။	G10	Upper Secondary
လေ့ကျင့် ရန် မေးခွန်း များ	၅ ။ ကိုယ် တွေ့ သို့မဟုတ် စာ တွေ့ကြုံ ဖူး သော မိုက် မဲ မှု တစ် ခု အကြောင်း ကို စိတ်ဝင်စား ဖွယ် ရေး သား တင်ပြ ပါ ။	G10	Upper Secondary
လေး ချိုး လှိုင်း ကလေး သင် ( ကိုလိုနီခေတ် )	" လှိုင်း ကလေး သင် " ကဗျာ သည် ကိုလိုနီခေတ် စာ ဆို ဇော်ဂျီ ၏ ကဗျာ တစ် ပုဒ် ဖြစ် သည် ။	G10	Upper Secondary
လေး ချိုး လှိုင်း ကလေး သင် ( ကိုလိုနီခေတ် )	ဆရာ ဇော်ဂျီ သည် ၁၉ဝ၇ ခုနှစ် တွင် ဖွားမြင် သူ ဖြစ် သည် ။ ဖျာပုံ မြို့ ဇာတိ ဖြစ် သည် ။ အမည် ရင်း မှာ ဦး သိန်း ဟန် ဖြစ် သည် ။ ငယ်စဉ် က ဖျာပုံ အမျိုးသား အထက်တန်းကျောင်း ၊ ရန်ကုန် မြို့ မ အမျိုးသား အထက်တန်းကျောင်း တို့ တွင် ပညာသင် ခဲ့ ပြီး ရန်ကုန် တက္ကသိုလ် မှ အင်္ဂလိပ်စာ မ ဟာ ဝိဇ္ဇာဘွဲ့ တို့ ကို ရ ရှိ ခဲ့ သည် ။ ရန်ကုန် တက္ကသိုလ် စာကြည့်တိုက်မှူး ၊ တက္ကသိုလ် များ ဗဟို စာကြည့်တိုက်မှူး တာဝန် များ ကို နှစ် ပေါင်း များ စွာ ထမ်းဆောင် ခဲ့ သည် ။ စာပေ ဆိုင်ရာ ပညာ ရေး ဆိုင်ရာ တာဝန် အမျိုးမျိုး ကို လည်း ထမ်းဆောင် ခဲ့ သည် ။ ကဗျာ ၊ ဝတ္ထုတို ၊ ပြဇာတ် ၊ စာပေ ယဉ်ကျေး မှု ဆိုင်ရာ ဆောင်းပါး ၊ သုတေသန စာတမ်း စသည် ဖြင့် စာပေ အမျိုးမျိုး ရေး သား ခဲ့ သည် ။ ခရစ်နှစ် ၁၉၉၀ ပြည့် နှစ် တွင် ကွယ်လွန် သည် ။	G10	Upper Secondary
လေး ချိုး လှိုင်း ကလေး သင် ( ကိုလိုနီခေတ် )	ဆရာ ဇော်ဂျီ သည် ခေတ်စမ်း စာပေ လှုပ်ရှား မှု ကို ဦးဆောင် သူ တစ် ဦး ဖြစ် သည် ။ ပိတောက်ရွှေဝါ ကဗျာ များ ၊ ဗေဒါလမ်း ကဗျာ များ ၊ ဇော်ဂျီ ကဗျာ ပေါင်း ချုပ် ၊ ရှေးခေတ် ပုဂံ ကဗျာ များ နှင့် အခြား ကဗျာ များ ၊ မ ဟာ ဆန် ချင် သူ ပြဇာတ် ၊ သခင်ကိုယ်တော်မှိုင်း ဋီကာ ၊ သိန်း နှင့် ကျား ဋီကာ ၊ ပလေတို နိဒါန်း ၊ ရ သ စာပေ အဖွင့် ၊ ရ သ စာပေ နိဒါန်း ၊ မိုး ကြယ် မို့ လား နှင့် နိုဘယ်ဆု ရ ဝတ္ထုတို များ ၊ လမ်း သစ် နှင့် အခြား ဝတ္ထုတို များ ၊ နင် လား ဟဲ့ ချစ် ဒုက္ခ နှင့် အခြား ဝတ္ထုတို များ စ သည့် စာအုပ် များ သည် ဆရာ ဇော်ဂျီ ၏ ထင်ရှား သော လက် ရာ များ ဖြစ် သည် ။	G10	Upper Secondary
လှိုင်း ကလေး သင်	ပြင် ကျယ်ကျယ် ပင်လယ် စခန်း ဆီ က ... သည် ကမ်းယံ စေတီ ဦး ဆီ သို့ ဖူးမြော် ရန် ရောက် လာ ရင်း ပေ လား ဘော အို အချင်း လှိုင်း ကလေး သင် ။ ကမ်း ရောက် ပြန် တော့ ... တဖြောက် မြည်သံ ကျ ၍ နဂို မူ စွန့် ကာ ပစ် ပါ လို့ မူ သစ် တစ် ဆင် ခြယ် ၍ ပြင် ကျယ်ကျယ် ပင်လယ် စခန်း ဆီ သို့ မြန်း ကြွ မည့် သွင် ။ ဘယ် ဒေသ ဆီ က ... သင် ကြွ ကာ သည် ကို လာ ၍ ဘယ် နေ ရာ ဘယ် ဆိပ်ကမ်း ဆီ သို့ မြန်း မယ် လို့ သင် ဟန် ပြင် ကြံ ချင် ဘူ့း သည် အရေး ။ သို့ကတဲ ... စိတ် ထဲ ငါ ဆင်ခြင် ခဲ့ သင် လာ စဉ် ပင်လယ် လမ်း မှာ ဖြင့် မုန်တိုင်း လေ လှိုင်း ရေ ကြမ်း သော် ကြောင့် ပန်း ခဲ့ သူ စင်ရော်ငှက် ကို လ ကျော ထက် ဝယ် ဆောင် ယူ သယ် ၍ ဖောင် သဖွယ် သင် ကူ မ တယ် လို့ တွေးဆ ကာ သည် အလွမ်း ရယ် နဲ့ ဝမ်းမြောက် တယ် လေး ။ ။ ၂ဝ ရာ စု ဇော်ဂျီ	G10	Upper Secondary
ခက်ဆစ် အဖွင့်	၁ ။ ကမ်းယံ = ကမ်းနား ။	G10	Upper Secondary
ခက်ဆစ် အဖွင့်	၂ ။ ပန်း = ပင်ပန်း သည် ။	G10	Upper Secondary
ခက်ဆစ် အဖွင့်	၃ ။ ဘော အို အချင်း = အာ လုပ် စကား ။	G10	Upper Secondary
ခက်ဆစ် အဖွင့်	၄ ။ မြန်း = သွား သည် ။	G10	Upper Secondary
ခက်ဆစ် အဖွင့်	၅ ။ ရောက် လာ ရင်း ပေ လား = ရောက် လာ ခြင်း ပေ လား ။	G10	Upper Secondary
ခက်ဆစ် အဖွင့်	၆ ။ သို့ က တဲ = သို့သော် လည်း ။	G10	Upper Secondary
သင်ခန်းစာ ဆိုလိုရင်း	လှိုင်း ကလေး က စင်ရော် ကလေး ကို ကျော ပေါ် တွင် တင် ပြီး ဆောင် ယူ ကယ်ဆယ် သည့် အတွက် ချီးကျူး ဖွယ် ကောင်း ပုံ ကို ရေး ဖွဲ့ ကာ သူ တစ် ပါး အကျိုး ဆောင်ရွက် ခြင်း ၏ ဂုဏ် ကို ဖော်ထုတ် ထား သည် ။	G10	Upper Secondary
လေ့ကျင့် ရန် မေးခွန်း များ	၁ ။ လှိုင်း ကလေး သင် ကဗျာ ၏ ရည်ရွယ် ချက် ကို ရှင်းပြ ပါ ။	G10	Upper Secondary
လေ့ကျင့် ရန် မေးခွန်း များ	၂ ။ လှိုင်း ကလေး သွား လာ လှုပ်ရှား နေ ပုံ ကို ရေး ပြ ပါ ။	G10	Upper Secondary
လေ့ကျင့် ရန် မေးခွန်း များ	၃ ။ လှိုင်း ကလေး သင် ကဗျာ တွင် " သင် " ဟူသော စကားလုံး ကို အကြိမ်ကြိမ် ထပ် သုံး ထား သည် ။ အဘယ် ကြောင့် ဤ သို့ သုံး ထား သနည်း ။	G10	Upper Secondary
လေ့ကျင့် ရန် မေးခွန်း များ	၄ ။ လှိုင်း ကလေး သည် ဘယ် က လာ ၍ ဘယ် ကို သွား မည် ဟု ကြံစည် ခြင်း ထက် မည် သည် က ပို ၍ အရေးကြီး သည် ဟု ကဗျာ ဆရာ က ယူဆ သနည်း ။	G10	Upper Secondary
လေ့ကျင့် ရန် မေးခွန်း များ	၅ ။ " မုန်တိုင်း လေ လှိုင်း ရေ ကြမ်း သော် ကြောင့် ၊ ပန်း ခဲ့ သူ စင်ရော်ငှက် ကို လ ၊ ကျော ထက် ဝယ် ဆောင် ယူ သယ် ၍ ၊ ဖောင် သဖွယ် သင် ကူ မ တယ် လို့ ၊ တွေးဆ ကာ သည် အလွမ်း ရယ် နဲ့ ၊ ဝမ်းမြောက် တယ် လေး " ဟူသော အဖွဲ့ ၏ အဓိပ္ပာယ် ကို ရှင်းပြ ပါ ။	G10	Upper Secondary
လေး ချိုး သပြေညို ( ကိုလိုနီခေတ် )	သပြေညို ကဗျာ သည် စာ ဆို " မင်းသုဝဏ် " ၏ ကိုလိုနီခေတ် ကဗျာ ဖြစ် သည် ။	G10	Upper Secondary
လေး ချိုး သပြေညို ( ကိုလိုနီခေတ် )	ဆရာ မင်းသုဝဏ် သည် ကဗျာ များ စွာ ကို ရေး ဖွဲ့ ခဲ့ သည် ။ ကဗျာ ရေး ရာ ၌ မေဃဝန် - ကွမ်းခြံကုန်း မြို့ ၊ စိန်ဂျွမ်းပျော် - ကွမ်းခြံကုန်း မြို့ ၊ ကွမ်းခြံကုန်း တောင် စု အလွန် က မောင်သုဝဏ် ၊ စန်းသော်တာ ၊ ခင်သိင်္ဂီ ( ဟံသာဝတီ ) ၊ သုဝဏ် ၊ မောင်သုဝဏ် ၊ ဦးဝန် ၊ မင်းသုဝဏ် ၊ အမည် များ ကို သုံး ခဲ့ သည် ။	G10	Upper Secondary
လေး ချိုး သပြေညို ( ကိုလိုနီခေတ် )	ခေတ် စမ်း စာပေ လှုပ်ရှား မှု တွင် ဦး ဆောင် ပါ ဝင် သူ တစ် ဦး ဖြစ် သည် ။ ကဗျာ ၊ ပုံပြင် ၊ ဝတ္ထုတို ၊ ဆောင်းပါး ၊ ဝေဖန် ရေး စာပေ စသည် ဖြင့် စာပေ အမျိုးမျိုး ရေး သား ခဲ့ သည် ။ ကလေး ကဗျာ များ ကို အထူး အာရုံစိုက် ၍ ရေး ဖွဲ့ ခဲ့ သည် ။ ကလေး သူငယ် များ သဘာဝ ပတ်ဝန်းကျင် ကို ချစ် ခင် စိတ် ၊ စူးစမ်း လေ့လာ လို စိတ် ဖြစ် ပေါ် စေ ရန် ငှက် အမျိုး ပေါင်း ၃၀ ကျော် နှင့် စပ်လျဉ်း သည့် ကဗျာ များ စပ် ဆို ခဲ့ သည် ။ " မောင် ခွေး ဖို့ ကဗျာ များ " စာအုပ် မှာ ထင်ရှား သည် ။ သပြေညို နှင့် အခြား ကဗျာ များ ၊ ကဗျာ ရေး ချင် စာ စပ် သင် ၊ ပျဉ်းမ ငုတ်တို ၊ အင်းလျားကန် သို့ အို ကု တို့ ၊ မောင် ခွေး ဖို့ နှင့် မ ထွေး ဖို့ ကဗျာ များ ၊ မင်းသုဝဏ် ကဗျာ ပေါင်း ချုပ် စ သည့် ကဗျာ စာအုပ် များ ကို ရေး သား ခဲ့ သည် ။	G10	Upper Secondary
လေး ချိုး သပြေညို ( ကိုလိုနီခေတ် )	ဆရာ မင်းသုဝဏ် သည် သပြေညို ကဗျာ ကို ၁၉၃၈ ခုနှစ် ဇန်နဝါရီ လ ၄ ရက်နေ့ တွင် ရေး ဖွဲ့ ခဲ့ သည် ။ လေး ချိုး ကဗျာ အမျိုးအစား ဖြစ် သည် ။ ထို ကဗျာ ကို ရေး ဖွဲ့ စဉ် က ဆရာ မင်းသုဝဏ် သည် အင်္ဂလန် ပြည် အောက် စ ဖို့ တက္ကသိုလ် ၌ အရှေ့ တိုင်း ဘာသာ စကား များ နှင့် အထွေထွေ ဘာသာဗေဒ ကို သင်ယူ နေ ခိုက် ဖြစ် သည် ။ ခရစ္စမတ် ကျောင်း ပိတ် ၍ ဝေလ ပြည် မြောက် ပိုင်း ဟာဒင် ရွာ ရှိ စိန့်ဒိုင်းနီးယဲ စာကြည့်တိုက် သို့ သွား ကာ စာ ကြည့် နေ ခိုက် ဖွဲ့ ဆို ခြင်း ဖြစ် သည် ။ မင်းသုဝဏ် ၏ ကဗျာ များ တွင် လွတ်လပ် ရေး စိတ်ဓာတ် ကို လှုံ့ဆော် သော ကဗျာ များ စွာ ကို တွေ့ မြင် ရ သည် ။ ထို ကဗျာ များ အနက် " သပြေညို " ကဗျာ မှာ အထူး ထင်ရှား သည် ။ ထို ကဗျာ ရေး ဖွဲ့ ပြီး ၁၀ နှစ် အကြာ ၁၉၄၈ ခုနှစ် ဇန်နဝါရီ လ ၄ ရက်နေ့ တွင် လွတ်လပ် ရေး ရ ရှိ ခဲ့ သည် ။	G10	Upper Secondary
သပြေညို	သူ့ ခေါင်း မှာ တဲ့ သပြေညို ငါ့ ခေါင်း မှာ တဲ့ သပြေညို ။ တို့ ပြေ ( ပြည် ) မှာ တို့ မေ ကမ်း ပါ တဲ့ သပြေညို ရွှေဘို ပန်း ဟာ က လန်း လျက် ပါ ကို ။ ဘာ မ လျှော့ လေ နဲ့ လာ တော့ မ ကွဲ့ ရွှေပဟိုရ် လေ ချို က အသွေး ။ လင်းကြက် အဆော် ကွင်း ထက် မှာ တူ ပျော် ပျော် နဲ့ စည်တော် ကို ရည် မျှော်မှန်း ကာ ပ ရောင်နီ မှာ အောင် စည် ရွမ်း ရ အောင် သပြေညို ရွှေဘို ပန်း ရယ် နဲ့ လှမ်း ကြ စို့ လေး ။ ၂၀ ရာ စု မင်းသုဝဏ်	G10	Upper Secondary
ခက်ဆစ် အဖွင့်	၁ ။ စည်တော် = ထီးသုံးနန်းသုံး စည် ကြီး ။	G10	Upper Secondary
ခက်ဆစ် အဖွင့်	၂ ။ ရွှေပဟိုရ် = မြန်မာ ဘုရင် လက်ထက် တွင် အချိန် နာရီ အချက် ပေး တီးခတ် သည့် စည် ကြီး ။	G10	Upper Secondary
ခက်ဆစ် အဖွင့်	၃ ။ လင်းကြက် အဆော် = အရုဏ်တက်ချိန် တွင် တွန် သော ကြက်ဖ ၏ တောင်ပံ ရိုက်ခတ် ၍ ကြွေးကြော် နေ စဉ် ။	G10	Upper Secondary
ခက်ဆစ် အဖွင့်	၄ ။ အောင် စည် ရွမ်း = အောင် စည်တီး သည် ။	G10	Upper Secondary
ခက်ဆစ် အဖွင့်	၅ ။ လေ ချို = လေပြည်လေညင်း ။	G10	Upper Secondary
ခက်ဆစ် အဖွင့်	၆ ။ အောင် စည် = အောင်မြင် သည့် အနေဖြင့် တီး သော စည် ။	G10	Upper Secondary
သင်ခန်းစာ ဆိုလိုရင်း	ပြည်သူလူထု သည် သူ ၊ ငါ အားလုံး စည်းရုံး တက်ကြွ စွာ ဆက်လက် ဆောင်ရွက် ကြ ပါ က လွတ်လပ် ရေး ရ ရှိ မည် ၊ လွတ်လပ် ရေး ရောင်နီ လာ ခါ နီး ပြီ ၊ လင်း ကြက်တွန်သံ ကို ကြား နေ ရ ပြီ ဟု အားမာန် ပေး ဖွဲ့ ဆို ထား သည် ။	G10	Upper Secondary
လေ့ကျင့် ရန် မေးခွန်း များ	၁ ။ သပြေညို ကဗျာ သည် မည် သည့် အကြောင်း ကို ရေး ဖွဲ့ ထား သည့် ကဗျာ ဖြစ် သနည်း ။ ပြည့်စုံ စွာ တင်ပြ ပါ ။	G10	Upper Secondary
လေ့ကျင့် ရန် မေးခွန်း များ	၂ ။ ကဗျာ တွင် " သပြေညို ရွှေဘို ပန်း ဟူ သည် မည် သည် ကို ရည်ရွယ် သနည်း ။	G10	Upper Secondary
လေ့ကျင့် ရန် မေးခွန်း များ	၃ ။ " လာ တော့ မ ကွဲ ရွှေပဟိုရ် လေ ချို က အသွေး " အဖွဲ့ ၏ ဆိုလိုရင်း ကို ရှင်းလင်း ရေး သား ပါ ။	G10	Upper Secondary
လေ့ကျင့် ရန် မေးခွန်း များ	၄ ။ သပြေညို ကဗျာ သည် လွတ်လပ် ရေး တိုက်ပွဲ ဝင် သူ များ အတွက် အင်အား ဖြစ် ခဲ့ သည် ဟူသော အဆို ကို ဆွေးနွေး တင်ပြ ပါ ။	G10	Upper Secondary
လေ့ကျင့် ရန် မေးခွန်း များ	၅ ။ သပြေညို ကဗျာ ကို ရေး ခဲ့ ပြီး ဆယ် နှစ် အကြာ တွင် လွတ်လပ် ရေး ရ ရှိ ခဲ့ သည် ။ ထို တိုက်ဆိုင် မှု ကို မည် သို့ ထင် မြင် ယူဆ မိ သနည်း ။ သင် ၏ အတွေး ကို ဖော်ပြ ပါ ။	G10	Upper Secondary
လေး ချိုး အလွမ်းပြေ စာ တစ် စောင် ( လွတ်လပ် ရေး ခေတ် )	" အလွမ်းပြေ စာ တစ် စောင် ကဗျာ သည် လွတ်လပ် ရေး ခေတ် စာ ဆို ဆရာ တင် မိုး ၏ ကဗျာ တစ် ပုဒ် ဖြစ် သည် ။ ဆရာ တင် မိုး ကို ၁၉၃၃ ခုနှစ် နိုဝင်ဘာ လ ၁၉ ရက် တွင် မြင်းခြံ ခရိုင် ၊ တောင်သာ မြို့နယ် ကန် မြဲ ကျေးရွာ ၌ အဖ ဦးဘအို နှင့် အမိ ဒေါ်စံထယ် တို့ မှ မွေးဖွား ခဲ့ သည် ။ အမည် ရင်း မှာ ဦးဘဂျမ်း ဖြစ် သည် ။ ၁၉၅၈ ခုနှစ် တွင် မန္တလေး တက္ကသိုလ် တက်ရောက် သည် ။ ၁၉၆၅ ခုနှစ် အောင်မြင် ကာ ၁၉၅၇ ခုနှစ် တွင် တစ် နိုင်ငံ လုံး မြန်မာ စာ ရမှတ် အများဆုံး ဖြင့် ဝိဇ္ဇာဘွဲ့ ရ ခဲ့ သည် ။ ၁၉၅ဝ ပြည့် နှစ် သီတင်းကျွတ် အထူးထုတ် မန္တလေး မြို့ ဗဟို စည် သတင်းစာ တွင် ဝါကျွတ် သဘင် ကဗျာ ကို " ကန် မြဲ သက်နှင်း " ရေး ဖွဲ့ ၍ စာပေ လောက သို့ စတင် ခြေချ သည် ။ ၁၉၅၁ ခုနှစ် တွင် အထက် ဗမာ နိုင်ငံ စာရေးဆရာ အသင်း ၏ စာ ဆို တော် မဂ္ဂဇင်း တွင် " ကန် မြဲ နန်း မြင့် နွယ် " က လောင် အမည် ဖြင့် " လယ် ထဲ က ကဗျာ " ကို ရေး စပ် သည် ။ ၁၉၅၅ ရေး သား သည် ။ ၁၉၅၈ ခုနှစ် ဖေဖော်ဝါရီ လ ထုတ် သွေးသောက် မဂ္ဂဇင်း တွင် " အခိုးခံ ရ သော ကာ ရန် လေး များ " ကဗျာ မှ စ ၍ တင် မိုး ၁၉၆၃ - ၆၇ ခုနှစ် တွင် ကလောင် အမည် ကို ယူ ခဲ့ သည် ။ ၁၉၆၅ ခုနှစ် တွင် တည်ထောင် သည် ။ ရွက် သည် ။ စာရေးဆရာ အသင်း အမှုဆောင် အဖြစ် တာဝန် ဝိဇ္ဇာဘွဲ့ ရ ရှိ သည် ။ ဖန်မီးအိမ် စာအုပ် တိုက် ကို သ ခုနှစ် တွင် လူထု သတင်းစာ ကဗျာ ကဏ္ဍ အယ်ဒီတာ အဖြစ် ဆောင် ဆရာ ရာဗျာ စာအုပ် များ အနက် နိုးအိမ်ရာ များ ဆရာ တင်မိုး ပြုစု ခဲ့ သော ကဗျာ စာအုပ် များ အနက် ဖန်မီးအိမ် ကဗျာ များ စာအုပ် ဖြင့် ၁၉၅၉ ခုနှစ် တွင် စာပေဗိမာန် ကဗျာ ဆု ရ ရှိ ခဲ့ သည် ။ ပိတောက် မှ သရဖီ ၁၉၆၉ ခုနှစ် ( အမျိုးသား စာပေ ဆု ) ထီး ကလေး နှင့် မနီ ကဗျာ စာအုပ် ဖြင့် ၁၉၇ဝ ပြည့် နှစ် အမျိုးသား စာပေ ဆု ( ကလေး စာပေ ) ရ ရှိ ခဲ့ သည် ။ ခွပ်ဒေါင်း အလံ ခေါ် ရာ သို့ ( ၂၀၀၂ ) ၊ သစ်ရွက် ကြွေ ကလေး ပေါ် မှာ ရေး တဲ့ မှတ်တမ်း ( ၂၀၀၄ ) ၊ အညာ လမ်း က တမာတန်း ( ၂၀၀၆ ) ကဗျာ စာအုပ် များ ကို ပြည်ပ တွင် ထုတ်ဝေ ခဲ့ ပြီး ကွယ်လွန် ချိန် အထိ ကဗျာ များ ရေး ခဲ့ သူ ဖြစ် သည် ။ ၂၀၀၄ ခုနှစ် အောက်တိုဘာ လ တွင် နယ်သာလန် နိုင်ငံ မှ စာပေ ဆု ချီးမြှင့် ခြင်း ခံ ရ သည် ။ ဆရာ တင်မိုး သည် ၂ဝဝ၇ ခုနှစ် ဇန်နဝါရီ လ ၂၂ ရက် တွင် အမေရိကန် ပြည်ထောင်စု ၊ ကယ်လီဖိုးနီးယား ပြည်နယ် လော့စ်အိန်ဂျလိစ် မြို့ ၌ ကွယ်လွန် ခဲ့ ပါ သည် ။	G10	Upper Secondary
အလွမ်းပြေ စာ တစ် စောင်	အလွမ်းပြေ အမေ ရေး တဲ့ ကောက်ကွေးကွေး အက္ခရာ ။ ခဲတံ ကို တံတွေး ဆွတ် လို့ ဖျက် ပွတ် ရာ အစုံစုံ နဲ့ စာ သတ်ပုံ မ မှန်ကန် လဲ အမေ့ ဉာဏ် ဘယ်လို ကောင်း ပါ လိမ့် ပျောင်း ညွတ် သည့် စာ ။ ဖိုးသာယာ ကျောင်း မှာ တုန်း ဆီ က သင်ပုန်း ကုန် ကျွတ် အောင် မ တတ် သော် လဲ အမေ့ မှာ စေတနာ ဓာတ် တွေ က ဖျတ်ခနဲ ယို လို့ လာ လွမ်း စာ တဲ့ ဆောင်ပါး ။ သည် လွမ်း စာ သည် လက် ရေး ရယ် က ပဲတီချဉ် သွယ်သွယ် ကွေး လို ပ စီ ရေး ပုံ မ ပြေ ပါ လဲ စေတနာ အလွန် သန့် တာ မို့ အမေ့ စာ တကယ် ခံ့ တယ် အံ့ မိ ပါ တကား ။ ၂ဝ ရာ စု တင်မိုး	G10	Upper Secondary
ခက်ဆစ် အဖွင့်	၁ ။ ဆောင်ပါး = ပစ္စည်း တစ်စုံတစ်ရာ ကို လူ လွှတ် ၍ ဖြစ်စေ ၊ လူ ကြုံ အပ် ၍ ဖြစ်စေ ရပ် ဝေး သို့ ပေး ပို့ သည် ။	G10	Upper Secondary
ခက်ဆစ် အဖွင့်	၂ ။ ပျောင်း ညွတ် = နူးညံ့သိမ်မွေ့ သော ၊ သင်ပုန်းကြီး သင်ခန်းစာ ပြီး မြောက် သည် ။	G10	Upper Secondary
ခက်ဆစ် အဖွင့်	၃ ။ သင်ပုန်း ကုန် = သင်ပုန်းကြီး သင်ခန်းစာ ပြီး မြောက် သည် ။	G10	Upper Secondary
ခက်ဆစ် အဖွင့်	၄ ။ အက္ခရာ = စာ ရေး သား ရာ ၌ အသံ ကို ကိုယ်စားပြု သော အမှတ် သင်္ကေတ ။	G10	Upper Secondary
သင်ခန်းစာ ဆိုလိုရင်း	အမေ ၏ လက်ရေး မ လှပ သော်လည်း သတ်ပုံ မ မှန်ကန် သော်လည်း အမေ ၏ စေတနာ မေတ္တာ တရား တို့ ကိန်းအောင်း နေ သော စာ ကလေး တစ် စောင် မှ အမေ့ ၏ မေတ္တာ တရား ကို ခံစား ရ သည့် အကြောင်း ရေး ဖွဲ့ ထား သည် ။	G10	Upper Secondary
လေ့ကျင့်ခန်း မေးခွန်း များ	၁ ။ အလွမ်းပြေ စာ တစ် စောင် ကဗျာ မှ အမေ့ အကြောင်း ကို သရုပ်ဖော် ရေး သား ပါ ။	G10	Upper Secondary
လေ့ကျင့်ခန်း မေးခွန်း များ	၂ ။ ကဗျာ မှ အမေ့ စာ သည် အဘယ်ကြောင့် လွမ်း စရာ ဖြစ် ရ သနည်း ။ ရှင်းပြ ပါ ။	G10	Upper Secondary
လေ့ကျင့်ခန်း မေးခွန်း များ	၃ ။ " သည် လွမ်း စာ သည် လက် ရေး ရယ် က ၊ ပဲတီချဉ် သွယ်သွယ် ကွေး လို ပ ၊ စီ ရေး ပုံ မ ပြေ ပါ လဲ ၊ စေတနာ အလွန် သန့် တာ မို့ ၊ အမေ့ စာ တကယ် ခံ့ တယ် ၊ အံ့ မိ ပါ တကား " ဟူ သည့် စာ သား မှ မည် သည့် ခံစား မှု များ ကို ရ ရှိ သနည်း ။	G10	Upper Secondary
လေ့ကျင့်ခန်း မေးခွန်း များ	၄ ။ အလွမ်းပြေ စာ တစ် စောင် ကဗျာ ကို ဖတ်ရှု နားထောင် ရ သော ကဗျာ အသံ သည် လွမ်း စရာ အကြောင်းအရာ ကို လွမ်း မိ အောင် အထောက်အပံ့ ပေး သည် ဟု ထင် ပါ သလား ။ နားလည် သလို ရှင်းပြ ပါ ။	G10	Upper Secondary
လေ့ကျင့်ခန်း မေးခွန်း များ	၅ ။ သင် ကိုယ်တိုင် အလွမ်းပြေ စာ တစ် စောင် ကို ရ ဖူး ပါ သလား ။ အတွေ့အကြုံ ကို ရှင်းပြ ပါ ။	G10	Upper Secondary
အပိုင်း - ၃	အရေး သင်ခန်းစာ	G10	Upper Secondary
အခန်း - ၁ စာ အရေးအသား အခြေခံ လမ်းညွှန်	စာ ရေး ရာ တွင် မှန်ကန် မှု သုံး ရပ် သည် အခြေခံ လိုအပ် ချက် များ ဖြစ် သည် ။ စာလုံးပေါင်း သတ် ပုံမှန် ရ မည် ။ သဒ္ဒါ အသုံးအနှုန်း မှန် ရ မည် ။ ဝါကျဖွဲ့ထုံး မှန် ရ မည် ။ မှန် ဖို့ အတွက် အများ လက်ခံ ထား သော စည်းကမ်း များ ရှိ သည် ။ ထို စည်းကမ်း များ နှင့် အညီ ရေး မှ ရေး သူ ဆို လို သော အဓိပ္ပါယ် ကို ဖတ် သူ က မှန်မှန်ကန်ကန် နားလည် မည် ။	G10	Upper Secondary
အခန်း - ၁ စာ အရေးအသား အခြေခံ လမ်းညွှန်	အရေးအသား မှန်ကန် ပြီ ဆို လျှင် နောက် တစ်ဆင့် အ နေ နှင့် စာ ရေး သူ ဆို လို သော အဓိပ္ပာယ် ကို စာဖတ် သူ ရှင်းရှင်းလင်းလင်း နားလည် အောင် ၊ စာဖတ် သူ ထံ သို့ ချောချောမွေ့မွေ့ ပြေပြေပြစ်ပြစ် ရောက် အောင် ၊ လို ရင်း ကို အချိန် တိုတို အတွင်း နားလည် အောင် ၊ ရေး သည့် အကြောင်းအရာ နှင့် လိုက် ဖက် ဆီလျော် အောင် ရေး သား နိုင် ရန် လိုအပ် သည် ။	G10	Upper Secondary
အခန်း - ၁ စာ အရေးအသား အခြေခံ လမ်းညွှန်	ရှင်းလင်း မှု ၊ ပြေပြစ် မှု ၊ ကျစ်လျစ် မှု ၊ လိုက် ဖက် မှု တို့ သည် စာ အရေးအသား ကောင်း ရန် လက္ခဏာ များ ဖြစ် ပါ သည် ။	G10	Upper Secondary
အခန်း - ၁ စာ အရေးအသား အခြေခံ လမ်းညွှန်	သိ ကောင်း စရာ များ ကို အချိန် နည်းနည်း နှင့် သိ နိုင် ဖို့ အတွက် အရေးအသား ကျစ်လျစ် ဖို့ ၊ တိုတို နှင့် လို ရင်း ရောက် ဖို့ လည်း လိုအပ် ပါ သည် ။ ကွေ့ဝိုက် လှည့်ပတ် မ နေ ဘဲ စကားလုံး အနည်းဆုံး နှင့် အဓိပ္ပာယ် အများဆုံး ပါ အောင် ရေး ထား သော စာ မျိုး ကို ကျစ်လျစ် မှု ရှိ သည် ဟု ဆို ရ ပါ မည် ။	G10	Upper Secondary
အခန်း - ၁ စာ အရေးအသား အခြေခံ လမ်းညွှန်	စာ ရေး သူ ၏ ဆို လို ချက် ကို အတိမ်းအစောင်း မ ရှိ တိတိကျကျ နားလည် ဖို့ လည်း လို ပါ သည် ။ ကိန်းဂဏန်း များ က အစ အလွန် သိမ်မွေ့ သော အဓိပ္ပာယ် ကွာခြား ချက် များ အထိ တိတိကျကျ ရှိ ဖို့ ဖြစ် ပါ သည် ။	G10	Upper Secondary
အခန်း - ၁ စာ အရေးအသား အခြေခံ လမ်းညွှန်	စာ ရေး သူ ၏ ဆို လို ချက် သည် စာဖတ် သူ ထံ အထစ်အငေါ့ မ ရှိ ဘဲ ချောချောမွေ့မွေ့ ပြေပြေပြစ်ပြစ် ရောက် ဖို့ လည်း လို ပါ သည် ။ ပြေပြစ် မှု သည် စာ အရေးအသား အတွက် လိုအပ် ချက် တစ် ခု ဖြစ် သည် ။	G10	Upper Secondary
အခန်း - ၁ စာ အရေးအသား အခြေခံ လမ်းညွှန်	ရေး သော အကြောင်းအရာ နှင့် အလေးအပေါ့ ၊ အခံ့ အသွက် လိုက် ဖက် ဖို့ လည်း လိုအပ် ပါ သည် ။ လိုက် ဖက် မှ လည်း အဆီအငေါ် တည့် သော စာ ဟု ဆို နိုင် ပါ လိမ့် မည် ။	G10	Upper Secondary
အခန်း - ၁ စာ အရေးအသား အခြေခံ လမ်းညွှန်	မြန်မာ စာ ကို အသုံးချ ရာ တွင် ယခု ဖော်ပြ ခဲ့ သည့် အတိုင်း အရေးအသား မှန်ကန် ဖို့ ၊ ရှင်းလင်း ဖို့ ၊ ကျစ်လျစ် ဖို့ ၊ တိကျ ဖို့ ၊ ပြေပြစ် ဖို့ ၊ လိုက် ဖက် ဖို့ အတွက် သတိပြု စရာ များ ကို စူးစမ်း လေ့လာ ခြင်း ဖြင့် ထိထိရောက်ရောက် အသုံးချ နိုင် မည် ဖြစ် ပါ သည် ။	G10	Upper Secondary
သဒ္ဒါ အသုံးအနှုန်း မှန်ကန် ခြင်း	မြန်မာ စာ ကို စနစ်တကျ ရေး တတ် ပြီး မြန်မာ စကား ကို စနစ်တကျ ပြော တတ် ရန် မှာ သဒ္ဒါ အထားအသို မှန်ကန် ရေး သည် အဓိက ကျ လှ ပါ သည် ။ အများအားဖြင့် မှား သုံး မိ တတ် သည့် သဒ္ဒါ စကားလုံး တို့ မှာ " က နှင့် မှ " " ကို နှင့် အား " ၊ " တို့ ၊ များ ၊ တွေ " " နှင့် ၊ ဖြင့် " ၊ " အနက် ၊ တွင် " " သည် နှင့် မှာ " " ဖြစ်စေ ---- ဖြစ်စေ ၊ သို့မဟုတ် ၊ သော်လည်း ကောင်း ---- သော်လည်း ကောင်း " ၊ " နည်း တူ ၊ ကဲ့သို့ " " စ သော ၊ ဟူသော " ၊ " မျှ ၊ မ ဆို " ၊ " ၍ ၊ လျက် ၊ ကာ " စ သည့် အသုံးအနှုန်း များ ဖြစ် ပါ သည် ။	G10	Upper Secondary
က နှင့် မှ	ကတ္တား ( ပြုလုပ် သူ ) ဖြစ် ကြောင်း ပြ သော " က " နေ ရာ တွင် " မှ " ကို မှား သုံး လေ့ ရှိ ကြ သည် ။	G10	Upper Secondary
က နှင့် မှ	ကျောင်းအုပ်ဆရာကြီး မှ မိန့်ခွန်း မြွက်ကြား ပါ တော့ မည် " ပါမောက္ခ မှ ဆု ချီးမြှင့် ပါ တော့ မည် " ဟူသော အသုံးအနှုန်း မျိုး ဖြစ် ပါ သည် ။ " ကျောင်းအုပ်ဆရာကြီး က ၊ ပါမောက္ခ က " ဟု သုံး မှ မှန် ပါ လိမ့် မည် ။ " မှ " သည် ထွက်ခွာ ရာ ပြ သည့် စကား ဖြစ် ပါ သည် ။ " ရန်ကုန် မှ မန္တလေး သို့ သွား မည် ၊ အိမ် မှ ထွက် လာ သည် " ဟူ၍ သုံး ကြ ပါ သည် ။ " က " နေ ရာ တွင် " မှ " ကို သုံး သောအခါ အချို့ နေ ရာ တွင် အဓိပ္ပါယ် ဆန့်ကျင်ဘက် ဖြစ် သွား တတ် ပါ သည် ။ ၁ ။ သမဝါယမ အသင်း က လူ သုံး ကုန် များ ကို ဝယ် ယူ သွား သည် ။ ၂ ။ သမဝါယမ အသင်း မှ လူ သုံး ကုန် များ ကို ဝယ် ယူ သွား သည် ။	G10	Upper Secondary
က နှင့် မှ	ဤ ဝါကျ နှစ် ခု သည် အဓိပ္ပာယ် တောင် နှင့် မြောက် ဆန့်ကျင် ခြားနား သွား ပါ သည် ။ ဝါကျ ( ၁ ) တွင် ပြုလုပ် သူ ကို ပြ သော " က " ကို သုံး သည့် အတွက် သမဝါယမ အသင်း သည် လူ သုံး ကုန် ဝယ် ယူ သည့် ဌာန ဖြစ် ကြောင်း သိ ရ ပါ သည် ။ ဝါကျ ( ၂ ) တွင် မူ ထွက်ခွာ ရာ ပြ သော " မှ " ကို သုံး သည့် အတွက် သမဝါယမ အသင်း ၏ လူ သုံး ကုန် များ ကို အခြား ဌာန တစ် ခု က ဝယ် ယူ သွား သည့် သဘော ဖြစ် သွား ပါ သည် ။ ဝါကျ ၁ တွင် သမဝါယမ အသင်း သည် ဝယ် သူ ဖြစ် ၍ ဝါကျ ၂ တွင် သမဝါယမ အသင်း သည် ရောင်း သူ ဖြစ် သွား ပါ သည် ။	G10	Upper Secondary
ကို နှင့် အား	" ခွေး အား ရိုက် သည် ။ " " သူ့ ကို လက်ဆောင် ပေး သည် ။ " ဟူ သည့် ဝါကျ များ သည် သဒ္ဓါ အသုံး မှား နေ သည့် ဝါကျ များ ဖြစ် ပါ သည် ။ " ကို " သည် " ကံ နောက် ဆက် " ဖြစ် ၍ အပြု ခံ ရ သူ ၊ အပြု ခံ ရ သည့် အရာ ကို ဖော်ပြ ရာ ၌ သုံး သည် ။ " အား " သည် လက်ခံ ပြ နောက် ဆက် ဖြစ် ၍ လက်ခံ သူ ကို ဖော်ပြ ရာ ၌ သုံး သည် ။ ထို့ကြောင့် " ခွေး ကို ရိုက် သည် ။ " " သူ့ အား လက်ဆောင် ပေး သည် ။ " ဟု ရေး ရ မည် ဖြစ် ပါ သည် ။ " ကို " နှင့် " အား " ကို ဝါကျ တစ် ကြောင်း ထဲ ၌ သုံး ပါ က " နာရီ ကို ဆရာ ကြီး အားပေး သည် ။ " ဟု ရေး ရ မည် ဖြစ် သည် ။ နာရီ သည် အ ပေး ခံ ရ သည့် အရာ ဖြစ် ၍ ဆရာ ကြီး သည် လက်ခံ သူ ဖြစ် သည် ။ ထို ဝါကျ ကို " နာရီ အား ဆရာ ကြီး ကို ပေး သည် ။ " ဟု ရေး လျှင် သဒ္ဒါ အသုံးအနှုန်း မှား သည် ။	G10	Upper Secondary
အနက် နှင့် တွင်	မောင်မောင် သည် ကျောင်းသား များ အနက် တွင် အတော်ဆုံး ဖြစ် သည် ။ ဟူ သည့် ဝါကျ သည် သဒ္ဒါ အသုံး မှား နေ သည့် ဝါကျ ဖြစ် ပါ သည် ။ " အနက် ၊ တွင် " ဟူ သည့် စကားလုံး များ သည် အစုအပေါင်း မှ တစ် စိတ် တစ် ပိုင်း ကို ခွဲ ထုတ် ပြ သော စကားလုံး များ ဖြစ် ပါ သည် ။ ထို့ကြောင့် အစုအပေါင်း ထဲ မှ တစ် စိတ် တစ် ပိုင်း ကို ခွဲ ထုတ် ပြ လို လျှင် " အနက် " သို့မဟုတ် " တွင် " ကို သုံး ၍ မောင်မောင် သည် ကျောင်းသား များ အနက် အတော်ဆုံး ဖြစ် သည် ။ မောင်မောင် သည် ကျောင်းသား များ တွင် အတော်ဆုံး ဖြစ် သည် ။ ဟု ရေး ရ မည် ဖြစ် ပါ သည် ။ " အနက် နှင့် တွင် " ကို တွဲ ၍ " အနက် တွင် " ဟု မ သုံး ရ ချေ ။	G10	Upper Secondary
သည် နှင့် မှာ	မောင်မောင် မှာ စာ တော် ၍ မ မ သည် အား က စား ထူးချွန် သည် ။ ဟူ သည့် ဝါကျ မှာ သဒ္ဒါ အသုံး မှား နေ သည့် ဝါကျ ဖြစ် သည် ။ ကတ္တား နောက် ဆက် များ ဖြစ် သည့် " သည် ၊ မှာ " ဟူ သည့် အသုံး ကို နေ ရာ တ ကျ သုံးစွဲ မှ သဒ္ဒါ အထားအသို မှန်ကန် မည် ဖြစ် သည် ။ ဝါကျ တစ် ကြောင်း ထဲ တွင် " သည် နှင့် မှာ " ကို တစ်ပြိုင်နက် သုံး ရ မည် ဆို ပါ က ရှေ့ ကတ္တား ၏ နောက် တွင် " သည် " လိုက် ပြီး ၊ နောက် ကတ္တား ၏ နောက် တွင် " မှာ " ကို သုံး ကာ မောင်မောင် သည် စာ တော် ၍ မမ မှာ အား က စား ထူးချွန် သည် ။ ဟု ရေး ရ မည် ဖြစ် သည် ။ " သည် " က သာမန် ကို ဖော်ပြ ၍ " မှာ " က ရှေ့ ကတ္တား နှင့် နောက် ကတ္တား ကို ခွဲခြား ဖော်ပြ သော ကြောင့် ဖြစ် သည် ။	G10	Upper Secondary
နည်း တူ နှင့် ကဲ့သို့	" နည်း တူ ၊ ကဲ့သို့ ဟူ သည့် အသုံး သည် အငြင်း ပြ စကားလုံး " မ " မ ပါ သော ကြိယာ နှင့် တွဲ သုံး လျှင် တူညီ သည့် အနက် ဖြင့် သုံး ခြင်း ဖြစ် သည် ။ သာဓက - မောင်မောင် နည်း တူ ကျွန်တော် စား နိုင် သည် ။ မ မ ကဲ့သို့ ကျွန်မ စာ တော် သည် ။	G10	Upper Secondary
စ သော နှင့် ဟူသော	" စ သော ဟူ သည့် စကားလုံး ကို အချက်အလက် အားလုံး မ ဖော်ပြ ဘဲ အချို့ သာ ဖော်ပြ သည့် အခါ တွင် သုံး သည် ။ သာဓက - ဆင်းရဲ ခြင်း ၊ ချမ်းသာ ခြင်း စ သော လောကဓံ တရား ၈ ပါး ဘုရား ၊ တရား စ သော ရတနာ ၃ ပါး ဟူ သည့် ဝါကျ တို့ တွင် လောကဓံ တရား ၈ ပါး တို့ မှာ ဆင်းရဲ ခြင်း ၊ ချမ်းသာ ခြင်း ၊ အ ခြွေရံ နည်း ခြင်း ၊ အ ခြွေရံ များ ခြင်း ၊ လာဘ် ရ ခြင်း ၊ လာဘ် မ ရ ခြင်း ၊ ကျော်စော ခြင်း ၊ မ ကျော်စော ခြင်း ဟူ သည့် လောကဓံ တရား ၈ ပါး ကို အကုန် မ ဖော်ပြ ဘဲ အချို့ ကို သာ ဖော်ပြ ထား သဖြင့် " စ သော " ဟူ သည့် စကားလုံး နှင့် တွဲ ပေး ရ ခြင်း ဖြစ် သည် ။ " ဟူသော " ဆို သည့် စကားလုံး ကို မူ အချက်အလက် အပြည့်အစုံ ကို ဖော်ပြ သည့် အခါ တွင် သုံး သည် ။ သာဓက - ကြေး ၊ ကြိုး ၊ သား ရေ ၊ လေ ၊ လက်ခုပ် ဟူသော မြန်မာ့ တူရိယာ ၅ ပါး ရှိ သည် ။ ဘုရား ၊ တရား ၊ သံဃာ ဟူသော ရတနာ ၃ ပါး ။ ဟူ သည့် ဝါကျ တို့ တွင် မြန်မာ့ တူရိယာ ၅ ပါး တို့ ကို အကုန် ဖော်ပြ ထား သဖြင့် " ဟူသော " စကားလုံး နှင့် တွဲ ပေး ရ ခြင်း ဖြစ် သည် ။	G10	Upper Secondary
မျှ နှင့် မ ဆို	မည် သူ ၊ မည် သည် တို့ ၏ နောက် တွင် " မျှ ၊ မဆို " ကို သုံး နိုင် သည် ။ " မျှ " သည် တားမြစ် ခြင်း အနက် ဖြင့် သုံး သော စကားလုံး ဖြစ် သည် ။ ထို့ကြောင့် " မျှ " ကို သုံး လျှင် ကြိယာ ၏ ရှေ့ တွင် " မ " ဟူ သည့် အငြင်း ပြ စကားလုံး ထည့် ပေး ရ မည် ။ " မ ဆို " သည် ခွင့်ပြု ခြင်း အနက် ဖြင့် သုံး သော စကားလုံး ဖြစ် သည် ။ ထို့ကြောင့် " မ ဆို " ကို သုံး လျှင် ကြိယာ ၌ " မ " ဟူ သည့် အငြင်း ပြ စကားလုံး ထည့် စရာ မ လို ပေ ။ သာဓက ( ၁ ) မိသားစု ထမင်း ဝိုင်း တွင် လူ ကြီး မိဘ များ မ စား ရ သေး ခင် မည် သူ မျှ မ စား ရ ။ ဟူ သည့် ဝါကျ တွင် " မည် သူ " ၏ နောက် တွင် " မျှ " ဟူ သည့် စကားလုံး ကို တွဲ ထား သဖြင့် ကြိယာ " စား " ၏ ရှေ့ တွင် " မ " ဟူ သည့် အငြင်း ပြ စကားလုံး ထည့် ပေး ရ မည် ။ သာဓက ( ၂ ) ဤ ပန်းဥယျာဉ် အတွင်း ရှိ မည် သည့် ပန်း ကို မျှ ပိုင်ရှင် မ သိ ဘဲ မ ခူး ရ ။ ဟူ သည့် ဝါကျ တွင် " မည် သည် " ၏ နောက် တွင် " မျှ " ဟူ သည့် စကားလုံး ကို တွဲ ထား သဖြင့် ကြိယာ " ခူး " ၏ ရှေ့ တွင် " မ " ဟူ သည့် အငြင်း ပြ စကားလုံး ကို ထည့် ပေး ရ မည် ။ သာဓက ( ၃ ) မေမေ ဝယ် လာ သည့် မုန့် ကို မည် သူ မ ဆို စား နိုင် သည် ။ ဟူ သည့် ဝါကျ တွင် " မည် သူ " ၏ နောက် တွင် " မ ဆို " ဟူ သည့် စကားလုံး ကို တွဲ ထား သဖြင့် ကြိယာ " စား " ၏ ရှေ့ တွင် " မ " ဟူ သည့် အငြင်း ပြ စကားလုံး ကို တွဲ ထား သဖြင့် ထည့် ရန် မ လို ပေ ။	G10	Upper Secondary
၍ ၊ လျက် ၊ ကာ	၍ ဟူ သည့် နောက် ဆက် ကို တစ် ခု ပြီး တစ် ခု ဆောင်ရွက် သည် ကို ပြ ရာ ၌ သုံး သည် ။ သာဓက - အိမ် စာ လုပ် ပြီး ၍ က စား သည် ။ ဟူ သည့် ဝါကျ တွင် အိမ် စာ လုပ် ခြင်း သည် အလုပ် တစ် ခု ၊ က စား ခြင်း သည် အလုပ် တစ် ခု ဖြစ် သည် ။ အိမ် စာ လုပ် ခြင်း အလုပ် ပြီး မှ က စား သည့် အလုပ် ကို လုပ် သည် ဖြစ် ရာ ထို အလုပ် နှစ် ခု ကြား တွင် " ၍ " ကို ထား ခြင်း ဖြစ် သည် ။ " လျက် ၊ ကာ " ဟူ သည့် စကားလုံး တို့ ကို တစ်ပြိုင်နက် ဆောင်ရွက် ကြောင်း ပြ ရာ ၌ သုံး သည် ။ သာဓက - ရုပ်ရှင် ကြည့် လျက် ထမင်း စား နေ သည် ။ ရုပ်ရှင် ကြည့် ကာ ထမင်း စား နေ သည် ။ ဟူ သည့် ဝါကျ တွင် ထမင်း စား ခြင်း သည် အလုပ် တစ် ခု ၊ ရုပ်ရှင် ကြည့် ခြင်း သည် အလုပ် တစ် ခု ဖြစ် သည် ။ ထမင်း စား ခြင်း အလုပ် နှင့် ရုပ်ရှင် ကြည့် ခြင်း အလုပ် ကို တစ်ပြိုင်နက် လုပ် ခြင်း ဖြစ် ရာ ထို အလုပ် နှစ် ခု ကြား တွင် " လျက် ၊ ကာ " ကို ထား ခြင်း ဖြစ် သည် ။ " လျက် ၊ ကာ " ၏ နေ ရာ တွင် " ၍ " ကို ထား ၍ ရုပ်ရှင် ကြည့် ၍ ထမင်း စား နေ သည် ။ ဟု သုံး ပါ က အသုံး မှား ဖြစ် ပါ သည် ။	G10	Upper Secondary
တို့ ၊ များ ၊ တွေ	အများ ပြ နောက် ဆက် " တို့ ၊ များ ၊ တွေ " ဟူ သည့် စကားလုံး များ ကို လည်း အသုံး မှန် အောင် သတိပြု ရ မည် ဖြစ် သည် ။ " တို့ " ဟူ သည့် အများ ပြ နောက် ဆက် ကို တစ် မျိုး တည်း သို့မဟုတ် နှီးနွှယ် ပတ်သက် နေ သည့် အမျိုးအစား တို့ ကို အကြွင်းအကျန် မ ရှိ တပေါင်းတစည်း တည်း ဖော်ပြ လို လျှင် သုံး ရ သည် ။ သာဓက - ငါ တို့ မနက်ဖြန် ဘုရား သွား ကြ ရ အောင် ။ " များ ၊ တွေ " ဟူ သည့် အများ ပြ နောက် ဆက် များ ကို မူ တစ် ခု ထက် မ က များ ပြား သော အရေအတွက် ရှိ သည့် အမျိုးအစား ကို ဖော်ပြ လို သောအခါ အရေး တွင် " များ " ကို သုံး ၍ အပြော တွင် " တွေ " ကို သုံး ရ သည် ။ သာဓက - ပန်း များ သည် ရ နံ့ သင်းပျံ့ စွာ ဖူး ပွင့် နေ ကြ သည် ။ ( အရေး ) ခြံ ထဲ မှာ ပန်း တွေ ပွင့် နေ ကြ တယ် ။ ( အပြော ) " များ ၊ တွေ " ကို ကိန်းဂဏန်း များ ၊ နာမ်စား များ ၊ တစ် ဦး ဆိုင် နာမ် များ နှင့် တွဲ ၍ မ သုံး နိုင် ချေ ။ တွဲ သုံး ပါ က ပစ္စည်း နှင့် မှားယွင်း တတ် သည် ။ သာဓက - ၆၈ များ ၊ ၂ များ ငါ များ ၊ နင် များ ဧရာဝတီ များ ၊ ချင်းတွင်း မြစ် များ စသည် တို့ သည် သဒ္ဒါ အသုံး မှား များ ဖြစ် သည် ။	G10	Upper Secondary
ဖြစ်စေ ---- ဖြစ်စေ ၊ သော်လည်း ကောင်း ---- သော်လည်း ကောင်း ၊ သို့မဟုတ်	တစ် ခု မ ဟုတ် တစ် ခု ပြု မူ ဖြစ် ပျက် သည် ကို ပြ လို လျှင် " ဖြစ်စေ - - - ဖြစ်စေ " " သော်လည်းကောင်း ---- သော်လည်းကောင်း " ၊ " သို့မဟုတ် " တို့ ကို တစ် ခု မ ဟုတ် တစ် ခု သုံး နိုင် ပါ သည် ။ " ဖြစ်စေ " ကို သုံး လျှင် " ---- ဖြစ်စေ ---- ဖြစ်စေ ---- " ၊ " သော်လည်း ကောင်း " ကို သုံး လျှင် သော်လည်း ကောင်း ---- သော်လည်း ကောင်း ---- " နှစ် ခါ သုံး ရ မည် ဖြစ် သည် ။ " သို့မဟုတ် " ကို သုံး လျှင် မူ " သို့မဟုတ် ---- " တစ် လုံး တည်း သာ သုံး ရ မည် ဖြစ် သည် ။ သာဓက - မောင်မောင် ဖြစ်စေ မမ ဖြစ်စေ လာ ပါ ။ မောင်မောင် သို့မဟုတ် မမ လာ ပါ ။ မောင်မောင် သော်လည်း ကောင်း ၊ မ မ သော်လည်း ကောင်း လာ ပါ ။	G10	Upper Secondary
လေ့ကျင့်ခန်း	၁ ။ အောက် ပါ ကွက်လပ် များ တွင် ကို ၊ အား အသုံး ကို မှန်ကန် အောင် ဖြ ( ၁ ) မောင်ပု သည် အမဲရိုး ____ ပါ ပီ ____ ကျွေး သည် ။ ( ၂ ) အဖေ သည် ဧည့်သည် များ ____ ဘုရား လိုက် ပို့ သည် ။ ( ၃ ) မေမေ သည် ကျွန်တော် ____ မွေးနေ့ လက်ဆောင် ပေး သည် ။ ( ၄ ) ဆရာ ကြီး သည် အာဇာနည် နေ့ အကြောင်း ____ ကျောင်းသား များ ____ ဟော ပြော သည် ။ ( ၅ ) သူ ရေး သည့် စာအုပ် များ ____ ကြိုက် သည် ။ ၂ ။ အောက် ပါ ဝါကျ များ ကို မှား မှန် ရွေး ပါ ။ မှား နေ သည့် ဝါကျ များ ကို အမှန် ပြင် ရေး ပါ ။ ( ၁ ) မီး သတိပေး ပိုစတာ ကြီး အား လမ်းထိပ် ၌ စိုက်ထူ ထား သည် ။ ( ____ ) ( ၂ ) ပန်းမန် ပြပွဲ ကို မြေပဒေသာ ကျွန်း ၌ ကျင်းပ နေ သည် ။ ( ____ ) ( ၃ ) ဆရာဝန် သည် ဆေး အား လူနာ ကို ပေး သည် ။ ( ____ ) ( ၄ ) လက်သမား သည် သစ်သား ကို လွှ ဖြင့် ဖြတ် ၏ ။ ( ____ ) ( ၅ ) လယ်သမား ဦးကြီး များ သည် သီးနှံ တို့ ကို မိုး ရာသီ တွင် စိုက်ပျိုး ကြ သည် ။ ( ____ ) ၃ ။ ဝိုက်ကွင်း တွင် ဖော်ပြ ထား သည့် အသုံးအနှုန်း နှစ် ခု အနက် မ သင့်လျော် သည့် အသုံး ကို ကြက်ခြေခတ် ပါ ။ ( ၁ ) ကျောင်းအုပ်ဆရာကြီး ( မှ ၊ က ) မိန့်ခွန်း စကား ပြော ကြား ပါ မည် ။ ( ၂ ) မြို့ ဦးနီ ဈေး ( မှ ၊ က ) ပြန် လာ ပြီ လား ဗျ ။ ( ၃ ) ဖခင် ( မှ ၊ က ) သား အား မုန့်ဖိုး ပေး သည် ။ ( ၄ ) မိတ္ထီလာ ကန်တော် အောက် ( မှ ၊ က ) ဖား ကောက် ခဲ့ ပါ ။ ( ၅ ) ကျွန်တော် အိမ် ( မှ ၊ က ) ကျောင်း အထိ နေ့ တိုင်း လမ်းလျှောက် သည် ။ ၄ ။ အောက် ပါ ဝါကျ တို့ ၌ မည် သူ မ ဆို ၊ မည် သူ မျှ ဟူ သည့် စကား များ ကို ဆီလျော် အောင် ဖြည့် ပေး ပါ ။ ( ၁ ) ဤ အပန်းဖြေ ရိပ်သာ ၌ ____ နေ နိုင် သည် ။ ( ၂ ) စာသင် နေ စဉ် ____ စကား မ ပြော ရ ။ ( ၃ ) ရိုးသား ဖြောင့်မတ် သူ ကို ____ သဘောကျ သည် ။ ( ၄ ) သူ သိ ချင် သည့် အဖြေ ကို ____ မ ဖြေ နိုင် ပါ ။ ( ၅ ) ____ အလှပ တရား ကို ခံစား တတ် ကြ သည် ။ ၅ ။ အောက် ပါ ဝါကျ များ မှ စ သော ၊ ဟူသော အသုံး မှန် လျှင် ( / ) မှား လျှင် ( X ) ခြစ် ပါ ။ ( ၁ ) ကျွန်တော် တို့ အိမ် မှာ နွား ညို ၊ နွား နီ ဟူသော နွား ညီနောင် ရှိ ပါ သည် ။ ( ၂ ) နွေရာသီ မှာ ကံ့ကော် ၊ ငုဝါ ၊ စိန်ပန်း စ သော ပန်း များ ပွင့် ကြ သည် ။ ( ၃ ) ကျောင်း စာကြည့်တိုက် မှာ ပုံပြင် ၊ ကဗျာ ၊ ကာတွန်း ၊ မဂ္ဂဇင်း ဟူသော စာအုပ် များ ကို ဖတ်ရှု နိုင် ပါ သည် ။ ( ၄ ) တပည့် များ ဟာ ညီညာ ထကြွ ၊ ဆုံးမ နာယူ ၊ လာမူကြိုဆီး ၊ ထံနီး လုပ် ကျွေး ၊ သင် တွေး အံ ရွတ် စ သော တပည့် ဝတ် ၅ ပါး နဲ့ အညီ နေ ထိုင် သင့် ပါ သည် ။ ( ၅ ) မြန်မာ့ သစ်တော များ က ကျွန်း ၊ ပျဉ်းကတိုး ၊ သစ်ရာ ၊ အင်ကြင်း စ သော သစ် များ ထွက် သည် ။ ၆ ။ သဒ္ဒါ အသုံးအနှုန်း အမှန် ရွေး ပါ ။ ( ၁ ) အနော်ရထာ ၊ ကျန်စစ်သား ၊ ဘုရင့်နောင် ၊ အလောင်းဘုရား ၊ ဗန္ဓုလ ( ဟူသော ၊ စ သော ) ကျောင်း ကောင်စီ အသင်း ၅ သင်း ရှိ ပါ သည် ။ ( ၂ ) မိကျောင်း ၊ လိပ် ၊ ဖား ( ဟူသော ၊ စ သော ) အကောင် များ သည် ကုန်း နေ ရေ နေ သတ္တဝါ များ ဖြစ် သည် ။ ( ၃ ) အိုးပုတ် ၊ ချိုးရုပ် ၊ ဖိုးဝရုပ် ( ဟူသော ၊ စ သော ) ကစားစရာ များ ကို ဘုရား ပွဲ ဈေး တန်း တွင် တွေ့ နိုင် ပါ သည် ။ ( ၄ ) မြန်မာ နိုင်ငံ တွင် နွေ ၊ မိုး ၊ ဆောင်း ( ဟူသော ၊ စ သော ) ဥတု ၃ ပါး ရှိ သည် ။ ( ၅ ) ဧရာဝတီ မြစ် ၊ သံလွင်မြစ် ၊ ချင်းတွင်း မြစ် ၊ စစ်တောင်း မြစ် ( ဟူသော ၊ စ သော ) မြစ် ကြီး ၄ စင်း သည် ကျွန်ုပ် တို့ နိုင်ငံ ၏ အဓိက မြစ် ကြီး များ ဖြစ် သည် ။ ၇ ။ အောက် ပါ ဝါကျ တို့ တွင် ( ၍ ၊ လျက် ၊ ကာ ) အသုံး မှန် မ မှန် စစ်ဆေး ပေး ပါ ။ ( ၁ ) အောင်အောင် သည် ဘောလုံး ကို ခေါင်း နှင့် တိုက် ကာ ဂိုးသွင်း လိုက် သည် ။ ( ၂ ) ဘကြီးဖြိုး သည် ပက်လက် ကုလားထိုင် ပေါ် တွင် ထိုင် ကာ စာဖတ် နေ သည် ။ ( ၃ ) မေမေ သည် ကလေး ကို ချီ ၍ လာ နေ သည် ။ ( ၄ ) ကြောင်မ ကြီး သည် ကြောင် ကလေး များ ကို ချီ လျက် ပြေး လာ သည် ။ ( ၅ ) ဖေဖေ သည် ခြံ ရှင်း ပြီး ၍ ရေချိုး နေ ပါ သည် ။	G10	Upper Secondary
စာလုံးပေါင်း သတ်ပုံ မှန်ကန် ခြင်း	စာလုံးပေါင်း သတ်ပုံ သည် စာပေ အရေးအသား ဆိုင်ရာ စည်းကမ်း တစ် ခု ဖြစ် သည် ။ စာ ရေး ရာ တွင် စာလုံးပေါင်း သတ်ပုံ မှန်ကန် အောင် မ ရေး လျှင် အနက် အဓိပ္ပာယ် လွဲ သွား တတ် သည် ။ ထို့ကြောင့် အရေးအသား မှန်ကန် ရေး သည် အခြေခံ အချက် ဖြစ် သည် ။	G10	Upper Secondary
မှား တတ် သော စာလုံးပေါင်း သတ်ပုံ များ	စာလုံးပေါင်း သတ်ပုံ မှား ရ ခြင်း ၏ အဓိက အကြောင်း မှာ အသံ တစ် သံ အတွက် ဖော်ပြ နိုင် သော စာလုံးပေါင်း မှာ နှစ် မျိုး ၊ သုံး မျိုး ရှိ နေ ခြင်း ကြောင့် ဖြစ် သည် ။ သာဓက အား ဖြင့် ဆို ရ သော် " ကျင် " ဟူသော အသံ အတွက် စာလုံးပေါင်း မှာ " ကျင် ၊ ကြင် ၊ ကျဉ် ၊ ကြဉ် " လေး မျိုး ရှိ နေ သော ကြောင့် ဖြစ် ပါ သည် ။ မိမိ လို ချင် သည့် အဓိပ္ပာယ် အတွက် မာ လာ သုံး ရ မည် ဟု သိ လျှင် စာလုံးပေါင်း သတ်ပုံ မှား တော့ မည် မ ဟုတ် ချေ ။	G10	Upper Secondary
မှား တတ် သော ဗျည်း များ	" မှား တတ် သော ဗျည်း များ တွင် " ဉ " နှင့် " ည " ။ " ဌ " နှင့် " ဋ္ဌ " တို့ ပါ ဝင် သည် ။ " ဉ " နှင့် " ည " ။ " ဉ " နှင့် " ည " သည် မှား ယွမ်း တတ် သော ဗျည်း များ ဖြစ် သည် ။ " ဉ " သည် ပါဠိ စာ လုံး ဖြစ် သည် ။ ပါဠိ စာ လုံး များ ကို မှား ရေး တတ် ခြင်း မှာ ရင်းနှီးကျွမ်းဝင် မှု မ ရှိ သည့် အတွက် မှား ရေး ခြင်း ဖြစ် ဖို့ များ ပါ သည် ။ " ဉ " ( ည ကလေး ) သည် ပါဠိ စကားလုံး ဖြစ် သည် ။ ( ပါဠိ တွင် " ဉ " နှစ် လုံး ဆင့် လျှင် " ည " ဖြစ် သည် ။ ) " ည " သည် မြန်မာ စာ လုံး ဖြစ် သည် ။ ထို့ကြောင့် ပညာ ၊ ပုည ကို ရေး လျှင် ( ပဉ် + ဥာ + ပုဉ + ဉ ) ဟု ဖတ် ရ သည် ။ ဉာဏ် ကို " ဉ " ( ည ကလေး ) ဖြင့် သာ ရေး ရ သည် ။	G10	Upper Secondary
မှား တတ် သော ဗျည်း များ	" ဌ နှင့် " ဋ္ဌ " ။ ။ ပါဠိ စာ လုံး အတွက် သုံး သော ဌ နှစ် မျိုး သည် လည်း မှား တတ် သည် ။ လည် ရစ် ပါ သော ဋ္ဌ ( ဋ္ဌ ဝမ်း ဘဲ ) သည် ဋ နှင့် ဌ ဆင့် ထား ခြင်း ဖြစ် သည် ။ ထို့ကြောင့် အဋ္ဌမ ဟု ရေး လျှင် ( အဋ် + ဌမ ) ဟု ဖတ် ရ သည် ။ ပြဋ္ဌာန်း ဟု ရေး လျှင် ( ပြဋ် + ဌာန်း ) ဟု ဖတ် ရ သည် ။ ဌာန ကို ဋ္ဌာန ဟု လည် ရစ် ထည့် ရေး လျှင် စာလုံးပေါင်း မှား သည် ။	G10	Upper Secondary
မှား တတ် သော အသတ် များ	မှား တတ် သည့် အသတ် များ မှာ " င သတ် ( ---- င် ) နှင့် ည ကလေး သတ် ( ---- ဉ်) " " တ သတ် ( ---- တ် ) နှင့် ပ သတ် ( ---- ပ် ) " တို့ ဖြစ် သည် ။	G10	Upper Secondary
င သတ် နှင့် ည ကလေး သတ်	လက်ရွေးစင် ကို " " လက် ရွေး စဉ် " ၊ " ဖိတ် စဉ် " ကို " ဖိတ်စင် " " စပ်ဖျဉ်းဖျဉ်း " ကို " စပ်ဖျင်းဖျင်း " ၊ " ညှဉ်းဆဲ " ကို " ညှင်းဆဲ " ဟု မှား လေ့ ရှိ သည် ။ အနားကပ် လာ သည် ကို " ချဉ်းကပ် " ဟု သုံး ပြီး ၊ အထဲ သို့ ဝင်ရောက် သည် ကို " ချင်းနင်း " ဟု သုံး ရ သည် ဟု ယှဉ်တွဲ မှတ်သား နိုင် ပါ သည် ။	G10	Upper Secondary
တသတ် နှင့် ပ သတ်	" တ် " နှင့် " ပ် " သည် မှားယွင်း တတ် သော စာလုံးပေါင်း သတ်ပုံ ဖြစ် သည် ။ " လခ ထုတ် မယ် ။ " တွင် " တ် " သုံး ရ သော်လည်း " မုန့် ကို ဖက် နှင့် ထုပ် ထား သည် တွင် " " ပ် " ကို အသုံးပြု ရ မည် ဖြစ် သည် ။ အပြင် ကို ထုတ် လျှင် တသတ် " တ် " ၊ အထဲ ကို သွင်း လျှင် ပ သတ် " ပ် " ဟု ခွဲခြား သတ်မှတ် နိုင် ပါ သည် ။	G10	Upper Secondary
ဆင်တူယိုးမှား စာလုံးပေါင်း သတ်ပုံ များ	အသံ မ တူ သော်လည်း အသံ ချင်း နီးစပ် ပြီး ဆင်တူ ယိုး များ ဖြစ် နေ သာ စာ လုံး ချင်း လည်း မှား တတ် သည် ။	G10	Upper Secondary
ပဲ နှင့် ဘဲ	" ပဲ နှင့် ဘဲ " သည် လည်း မှား ယွန်း တတ် သော အသုံး များ ဖြစ် ပါ သည် ။ လူ ပဲ ၊ နတ် ပဲ ၊ ဟုတ် တာ ပဲ အသုံး များ တွင် " ပဲ " ကို သုံး ပြီး မ သွား ဘဲ ၊ မ လာ ဘဲ ဟူသော အသုံး များ တွင် " ဘဲ " ကို သုံး ပါ သည် ။ မ - နှင့် တွဲ လျှင် " ဘဲ " ၊ မ - နှင့် မ တွဲ လျှင် ပဲ ဟု ခွဲခြား သတ်မှတ် နိုင် သည် ။	G10	Upper Secondary
" ဖက် နှင့်  ဘက် """	" ဖက် နှင့် " " ဘက် " သည် မှားယွင်း တတ် သော အသုံး များ ဖြစ် ပါ သည် ။ " ဖက် " ဟူ သည့် အသုံး ကို " စုံ ဖက် ၊ ယှဉ် ဖက် " ကဲ့သို့ ကြိယာ အနက် ၊ " ကူဖော်လောင်ဖက် ၊ ကြင်ဖော်ကြင်ဖက် " ကဲ့သို့ အဖော် အဖက် ၊ " လေး ဖက် နာ ၊ သုံး ဖက် မြင် " ကဲ့သို့ ကိန်းဂဏန်း နှင့် တွဲ လျှင် " ဖက် " ကို သုံး သည် ။ " ဘက် " ကို မူ အရပ် မျက်နှာ နှင့် တွဲ ၍ " အရှေ့ ဘက် ၊ အနောက် ဘက် " ၊ တည် နေ ရာ နှင့် တွဲ ၍ " ဈေး ဘက် ၊ အိမ် ဘက် " ၊ အစ စကားလုံး " ဘက်စုံ ၊ ဘက် ကန် " ၊ အများ ၊ သူ ၊ ငါ ၊ ယောက်ျား ၊ မိန်းမ ဟူ လျှင် " သူ့ ဘက် ၊ ငါ့ ဘက် " ဟု သုံး သည် ။	G10	Upper Secondary
" ကာ နှင့်  ခါ """	" ကာ နှင့် " " ခါ " သည် အရေး မ တူ သော်လည်း အသံ ထွက် တူ သော ကြောင့် မှားယွင်း တတ် သော အသုံး များ ဖြစ် သည် ။ အချိန် အခါ ကို ဆို လို လျှင် " ခါ " ဟု သုံး ရ ပြီး လျက် နှင့် အသုံး တူ သော စကား ဆက် ကို မူ " ကာ " ဟု သုံး ရ သည် ။ နံနက် ချိန် ခါ ၊ နက်ဖြန်ခါ တို့ ၌ " ခါ " ဟု သုံး ပြီး သွား ကာလာ ကာ တွင် " ကာ " ဟု သုံး ရ သည် ။ သာဓက - မြန်မာ့ အသံ မှ နံနက် ချိန် ခါ တေးသံ သာ ကဏ္ဍ ကို ကြိုက် နှစ်သက် ပါ သည် ။ ဆေးလိပ် သောက် ကာ စာဖတ် နေ သည် ။	G10	Upper Secondary
" မီ နှင့်  မှီ """	" မီ " နှင့် " မှီ " သည် အသံ ထွက် တူ သဖြင့် မှားယွင်း တတ် သော စာလုံးပေါင်း များ ဖြစ် သည် ။ " မီ " ကား " မိ " နှင့် အတူတူ ပင် ဖြစ် သည် ။ " မိ " ဟူ သည် မှာ ထိ မိ ၊ ဆက်စပ် ၊ ပေါင်း ယှဉ် ၊ ပူးတွဲ ၊ ညီမျှ ၊ ကိုက်ညီ သည့် အနက် ဖြစ် ပါ သည် ။ သာဓက - လက်လှမ်းမီ ၊ အချိန် မီ ၊ စံချိန် မီ ဟု သုံး ၍ အချိန် မ တိုင် သေး ခင် ဟူ သည့် အနက် ဖြင့် " မကြာမီ ၊ မ စား မီ " စသည် ဖြင့် သုံး သည် ။ " မှီ " ကို မူ ယှဉ် ကပ် အား ပြု ခြင်း ၊ အားကိုး အား ထား ပြု ခြင်း အနက် တို့ တွင် အသုံးပြု သည် ။ သာဓက - မှီခို ၊ မှီငြမ်း ၊ မှီအုံး "	G10	Upper Secondary
" ဖူး နှင့်  ဘူး """	" ဖူး " နှင့် " ဘူး " သည် အသံ ထွက် တူ သဖြင့် မှား တတ် သော စာလုံးပေါင်း များ ဖြစ် သည် ။ " ဖူး " ကို အမှန်တကယ် ကြုံတွေ့ သိ မြင် ခံစား ဖြစ် ပျက် ခဲ့ သည် တို့ ကို ထင်ရှား စေ လို သောအခါ တွင် " ဖူး " ကို သုံး သည် ။ သာဓက - သူ့ ကို မြင် ဖူး သည် ။ ရန်ကုန် ကို သွား ဖူး သည် ။ တွဲ သုံး သည် ။ " ဘူး " ကို မူ ငြင်းပယ် ခြင်း အနက် ရှိ သည့် " မ " နှင့် တွဲ သုံး သည် ။ အမှန်တကယ် ကြုံတွေ့ သိ မြင် ခံစား ဖြစ် ပျက် ခဲ့ ဖူး ခြင်း မ ရှိ ကြောင်း ကို ထင်ရှား အောင် ပြ ရာ ၌ အသုံးပြု သည် ။ သာဓက - သူ့ ကို မ မြင် ဖူး ဘူး ။ ရန်ကုန် ကို မ သွား ဖူး ဘူး ။	G10	Upper Secondary
အသံ နှင့် အရေး ရောထွေး သော စာလုံးပေါင်း အမှား များ	" တစ် နှင့် တ " " တစ် " ဟူသော အရေအတွက် အဓိပ္ပာယ် ဆောင် သည့် စာ လုံး များ ကို တစ် ဟု ရေး ရန် ဖြစ် ပါ သည် ။ တစ် ကိုယ် တော် ၊ တစ် ခါ တစ် ခေါက် ၊ တစ် ခု ခု ၊ တစ် ခြမ်း ၊ လူ တစ် စု ၊ တစ်ပြိုင်တည်း ၊ တစ်သီးပုဂ္ဂလ ၊ တစ် ဆင့် စသည် တို့ ဖြစ် သည် ။ " တစ် " အဓိပ္ပာယ် မ ရ လျှင် မူ " တ " ကို သုံး ရန် ဖြစ် သည် ။ တကွ ၊ တကွဲတပြား ၊ တခြား ၊ တ ငို ငို တ ရီရီ ၊ တစေ့တစောင်း ၊ တထစ်ချ ၊ တပျော်တပါး စသည် တို့ တွင် " တ " သည် ရှေ့ က ဆက် သုံး ရ သည့် ရှေ့ဆက် စကား မျိုး ဖြစ် ပါ သည် ။	G10	Upper Secondary
နေ့ လည် နှင့် နေ့လယ်	" နေ့လည် နှင့် နေ့လယ် တွင် စာလုံးပေါင်း သတ်ပုံ အမှန် မှာ " နေ့လယ် " ဖြစ် သည် ။ နေ့ တစ် နေ့ ၏ အလယ် ဟု အဓိပ္ပာယ် ရ ပါ သည် ။ " လည် " ကို လည်ပတ် သည့် အနက် ဖြင့် သုံး သည် ။ " နှစ်ပတ်လည် နေ့ " ဟူ သည့် အသုံး မျိုး ဖြစ် ပါ သည် ။	G10	Upper Secondary
ကို နှင့် ကိုယ်	" ကို " နှင့် " ကိုယ် " သည် အသံ တူ ပြီး အရေး ကွဲ သည် ကို အကြောင်း ပြု ပြီး ဇဝေဇဝါ ဖြစ် တတ် သော စာလုံးပေါင်း မှာ " ကိုယ့် ကိုယ် ကိုယ် " ဟူ သည့် စာလုံးပေါင်း ဖြစ် သည် ။ အခြား စကားလုံး များ ဖြင့် ယှဉ် ကြည့် နိုင် သည် ။ " သူ့ ကိုယ် သူ " ၊ ငါ့ ကိုယ် ငါ " ၊ " မိမိ ကိုယ် မိမိ " တို့ နေ ရာ ၌ " ကိုယ် " ဟူ သည့် နာမ်စား ကို ထည့် ကြည့် ပါ က " ကိုယ့် ကိုယ် ကိုယ် " ဟူ သည့် စကား သည် အမှန် ဖြစ် သည် ။ မှား တတ် သော စာ လုံး များ ကို မ မှား အောင် ဆင်တူယိုးမှား သည့် စကားလုံး များ ကို ယှန် တွဲ ကြည့် ချင်း အား ဖြင့် မှတ်မိ နိုင် ပါ သည် ။	G10	Upper Secondary
လေ့ကျင့်ခန်း	၁ ။ အောက် ပါ စကားလုံး များ တွင် " တစ် " နှင့် " တ " အသုံး မှန် ကို ရွေး ပါ ။ ( ၁ ) တကွ - တစ် ကွ ( ၂ ) တခါတလေ - တစ်ခါတလေ ( ၃ ) တစ်စေ့တစ်စောင်း - တစေ့တစောင်း ( ၄ ) တစ်ထစ်ချ - တထစ်ချ ( ၅ ) တစ် လုံး တစ် စည်း - တလုံး တစည်း ( ၆ ) တကိုယ်ကောင်း - တစ် ကိုယ် ကောင်း ( ၇ ) တခဲနက် - တစ်ခဲနက် ( ၈ ) တခြမ်း - တစ် ခြမ်း ( ၉ ) တပြိုင်နက် - တစ်ပြိုင်နက် ( ၁၀ ) တစ် လျှောက် - တလျှောက်	G10	Upper Secondary
လေ့ကျင့်ခန်း	၂ ။ အသံ နှင့် အရေး ရောထွေး တတ် သော စကားလုံး များ ၏ စာလုံးပေါင်း သတ်ပုံ အမှန် ကို ရွေး ပါ ။ ( ၁ ) စ နဲ နာ - စနည်းနာ ( ၂ ) မ ထုံ တက် တေး - မထုံတက်သေး ( ၃ ) သန်ဘက်ခါ - သဘက်ခါ ( ၄ ) ကိုယ်စလှယ် - ကိုယ်စားလှယ် ( ၅ ) ဇကောဇက - စကောစက ( ၆ ) စား မာန် ခုတ် - စမန်ခုတ် ( ၇ ) စိစစ် - စီ စစ် ( ၈ ) မြား - မျှား ( ၉ ) ဆွဲလဲ - ဆည်းလည်း ( ၁ဝ ) ပြတင်းပေါက် - ပြူတင်းပေါက်	G10	Upper Secondary
လေ့ကျင့်ခန်း	၃ ။ အသတ် အသုံး အမှန် ကို ရွေး ပါ ။ ( ၁ ) တိတ်ခွေ - တိပ်ခွေ ( ၂ ) ဥပုသ် - ဥ ပုဒ် ( ၃ ) ပျက်သုန်း - ပျက်သုဉ်း ( ၄ ) ဆုလာဒ် - ဆုလာဘ် ( ၅ ) လွင့်စဉ် - လွင့်စင် ( ၆ ) ခွဲ စိပ် - ခွဲစိတ် ( ၇ ) အခမ်းအနား - အခန်း အနား ( ၈ ) ထုတ်ဝေ - ထုပ် ဝေ ( ၉ ) အမြင် ကပ် - အမြင်ကတ် ( ၁ဝ ) ပုတ်သိုး - ပုပ်သိုး	G10	Upper Secondary
လေ့ကျင့်ခန်း	၄ ။ ဟ ထိုး အသုံး အမှန် ကို ရွေး ပါ ။ ( ၁ ) လက်လှမ်းမီ - လက်လှမ်းမှီ ( ၂ ) လျှောက် ပတ် - လျောက်ပတ် ( ၃ ) လျင်မြန် - လျှင် မြန် ( ၄ ) သွား လျှက် လာ လျှက် - သွား လျက် လာ လျက် ( ၅ ) အလျှဉ် မှီ - အလျဉ် မီ ( ၆ ) မှင်အိုး - မင်အိုး ( ၇ ) အမွေးအမျှင် - အမွေးအမှင် ( ၈ ) ကောက် နှုတ် - ကောက်နုတ် ( ၉ ) မူး မတ် - မှူးမတ် ( ၁၀ ) ထုတ် နှုတ် - ထုတ်နုတ်	G10	Upper Secondary
လေ့ကျင့်ခန်း	၅ ။ စာလုံးပေါင်း အမှန် ရွေး ပေး ပါ ။ ( ၁ ) ကျောင်း ကို အချိန် ( မီ ၊ မှီ ) ရောက် ချင် ပေ မဲ့ ရ ထား ချိန် မ ( မီ ၊ မှီ ) လိုက် ( ဖူး ၊ ဘူး ) ။ ( ၂ ) ဟို နား က တိုင် ကို ( မီ ၊ မှီ ) ပြီး ရပ် နေ တာ ( တ ၊ တစ် ) ခါ က ဆိုး ( ကာ ၊ ခါ ) မိုက် ( ခါ ၊ ကာ ) နေ လာ ခဲ့ တဲ့ လူ မိုက် ကြီး ပေါ့ ။ ကြီး ( ခါ ၊ ကာ ) မှ နောင်တ ရ ပြီး လိမ္မာ လာ တာ ၊ ခု တော့ အိမ် မှာ ကူ ဖော် လောင် ( ဖက် ၊ ဘက် ) ရ လာ ပါ ပြီ ။ ( ၃ ) မကြာ ( မီ ၊ မှီ ) ရုံ တင် တော့ မဲ့ ရုပ်ရှင် ကား မှာ ( ထုတ်ဝေ ၊ ထုပ် ဝေ ) သူ က မင်း သား ကိုယ်တိုင် ( ပဲ ၊ ဘဲ ) ။ ( ခုနစ် ၊ ခုနှစ် ) ရက် ( ခုနစ် ၊ ခုနှစ် ) လီ အောင် ပွဲ ခံ ခဲ့ တဲ့ စံချိန် ( မီ ၊ မှီ ) ကား ဆို ပေ မယ့် ( မီ ၊ မှီ ) ငြမ်း ထား တဲ့ ဇာတ် ခန်း အချို့ ပါ နေ တယ် လို့ ( တထစ်ချ ၊ တစ်ထစ်ချ ) ပြော ဆို နေ ( ကျ ၊ ကြ ) တယ် ။ ( ၄ ) ထမင်း ( စား နေ တုံး ၊ စား နေ တုန်း ) မှာ ( ဝယ် နေ ကျ ၊ ဝယ် နေ ကြ ) ဖောက် သည် တွေ လာ တော့ ( ဖြည်းဖြည်း ၊ ဖြေးဖြေး ) စား လို့ မ ရ တော့ ( ဘူး ၊ ဖူး ) ။ ( မင် ၊ မှင် ) အိုး နဲ့ ငါး ( မြား ၊ မျှား ) တံ လာ ဝယ် တာ ။ ( မြား ၊ မျှား ) ပြ ထား တဲ့ နေ ရာ မှာ ( ပဲ ၊ ဘဲ ) ( မျှား ၊ မြား ) ကြ ဖို့ ကို သတိပေး လိုက် ရ တယ် ။ ( မ သိ လိုက် မ သိ ဖာ သာ ၊ မ သိ လိုက် မ သိ ဘာသာ ) နေ လိုက် ရင် ရ ပေ မဲ့ ( ဒဏ် ၊ ဒါ ဏ် ) ငွေ ဆောင် နေ ရ မှာ စိုး လို့ သတိပေး လိုက် တာ ပါ ။ ( ၅ ) ( တ ၊ တစ် ) ကယ် တမ်း ပြော ရ ရင် သူ့ မွေးနေ့ အတွက် အမှတ် ( တစ် ၊ တ ) ရ လက်ဆောင် ( စိတ် ၊ စိပ် ) ( ပတီး ၊ ပုတီး ) ( တ ၊ တစ် ) ကုံး ဝယ် ဖို့ စိတ်ကူး ( ဖူး ၊ ဘူး ) တယ် ။ ဒါပေမဲ့ မ ဝယ် ဖြစ် ခဲ့ ပါ ( ဖူး ၊ ဘူး ) ။	G10	Upper Secondary
ဝါကျဖွဲ့ထုံး မှန်ကန် ခြင်း	စကားပြေ ရေး ရာ တွင် ပထမဆုံး လုပ် ရ သည့် အလုပ် မှာ ရေး လို သည့် အကြောင်း ကို ဝါကျ ဖွဲ့ ရ ခြင်း ပင် ဖြစ် သည် ။ အနည်းဆုံး မိမိ ဖော်ပြ ချင် သော အချက် တစ် ချက် ပြည့်စုံ အောင် ဝါကျ တစ် ခု မ ဖွဲ့ မ ဖြစ် ဖွဲ့ ရ ပါ လိမ့် မည် ။ ဝါကျ တစ် ခု ပြီး ဆုံး မှ ဆို လို သည့် အချက် တစ် ချက် အဓိပ္ပာယ် ပြည့်စုံ ပါ လိမ့် မည် ။ ဝါကျ ဖွဲ့ ရာ ၌ စကားလုံး များ ကို ဘာသာ စကား ဖွဲ့ထုံး စည်းကမ်း နှင့် အညီ အစီစဉ် တ ကျ ဖွဲ့စည်း မှ ဝါကျ တစ် ခု ဖြစ် လာ မည် ။	G10	Upper Secondary
ဝါကျဖွဲ့ထုံး မှန်ကန် ခြင်း	စကားလုံး များ ကို ထား ချင် သလို ထား ၍ ဝါကျ မ ဖြစ် ပါ ။	G10	Upper Secondary
ဝါကျဖွဲ့ထုံး မှန်ကန် ခြင်း	" ခွေး ကြောင် ကိုက် သည် ကို က ဝါကျ မ ဖြစ် ဘဲ " ကြောင် ကို ခွေး ကို သည် ။ " ဟု ရေး မှ ဝါကျ ဖြစ် ရ ခြင်း မှာ ထို သဘော ပင် ဖြစ် သည် ။ ထို့ကြောင့် ဝါကျ ဖွဲ့ ရာ တွင် ပါ ဝင် သည့် စကားလုံး အစီအစဉ် သည် အလွန် အရေး ပါ ပါ သည် ။	G10	Upper Secondary
ပုဒ် အထားအသို	ဝါကျ အတွင်း ပုဒ် အထားအသို ပြောင်း လျှင် အဓိပ္ပာယ် လည်း ပြောင်း တတ် ပါ သည် ။ ပုဒ် အထားအသို ကြောင့် အဓိပ္ပာယ် နှစ် ခွ ထွက် ခြင်း ၊ အဓိပ္ပာယ် ပြောင်း ခြင်း တို့ ဖြစ် ရ သည် ။ ထို သို့ ဖြစ် ရ သည့် အဓိက အကြောင်း မှာ ဆိုင်ရာ ဆိုင်ရာ ပုဒ် စု နှင့် နီးနီးကပ်ကပ် မ ထား သည့် အတွက် ဖြစ် ပါ သည် ။	G10	Upper Secondary
၁ ။ နာမ် အထူး ပြု ကို သက်ဆိုင်ရာ နာမ် နှင့် နီးနီးကပ်ကပ် ထား လျှင် အဓိပ္ပာယ် မ ရှုပ် နိုင် ပါ ။	အေးချမ်း သော မြို့ ကလေး ၏ ဆင်ခြေဖုံး ရပ်ကွက် ဟု ရေး လျှင် မြို့ ကလေး အေးချမ်း သည် ဟု အဓိပ္ပါယ် ရ ပြီး " မြို့ ကလေး ၏ အေးချမ်း သော ဆင်ခြေဖုံး ရပ်ကွက် " ဟု ရေး လျှင် ဆင်ခြေဖုံး ရပ်ကွက် က အေးချမ်း သည် ဟု အဓိပ္ပာယ် ရ ပါ လိမ့် မည် ။	G10	Upper Secondary
၂ ။ ကြိယာ အထူး ပြု ကို သက်ဆိုင်ရာ ကြိယာ နှင့် နီးနီးကပ်ကပ် ထား လျှင် အဓိပ္ပာယ် မ ရှုပ် နိုင် ပါ ။	သာမက " စာသင်ခန်း ထဲ တွင် ရန် မ ဖြစ် ကြ ရန် ဆုံးမ ၏ " ဟု ရေး လျှင် စာသင်ခန်း သည် ရန် မ ဖြစ် ရ မည့် နေ ရာ ဖြစ် ကြောင်း ဖော်ပြ ရာ ရောက် ပြီး " ရန် မ ဖြစ် ကြ ရန် စာသင်ခန်း ထဲ တွင် ဆုံးမ ၏ ။ " ဟု ရေး လျှင် စာသင်ခန်း သည် ဆုံးမ သည့် နေ ရာ ဖြစ် ကြောင်း ဖော်ပြ ရာ ရောက် သည် ။	G10	Upper Secondary
၃ ။ ကတ္တား နှင့် သက်ဆိုင်ရာ ကြိယာ တို့ ဝေး နေ လျှင် အဓိပ္ပာယ် ရှုပ် တတ် သည် ။	သာဓက " လပြည့်ဝန်း စာပေ တိုက် က ကလေး စာပေ များ ကို ထုတ်ဝေ ရန် စီစဉ် လျက် ရှိ သည် ။ " ဟူ သည့် ဝါကျ သည် " လပြည့်ဝန်း စာပေ တိုက် က ကလေး စာပေ များ ကို ထုတ်ဝေ ရန် စီစဉ် နေ သည် ။ " ဟု အဓိပ္ပာယ် ရ နေ ပါ သည် ။ ထို ဝါကျ ၌ လပြည့်ဝန်း စာပေ တိုက် သည် ကတ္တား ဖြစ် သည် ။ ကတ္တား သည် သူ နှင့် သက်ဆိုင် သည့် ကြိယာ နှင့် နီးနီးကပ်ကပ် ရှိ ရ မည် ဖြစ် သည် ။ ကြိယာ ၏ ရှေ့ ၌ မ ရှိ ဘဲ ကလေး စာပေ ဟူ သည့် နာမ် ပုဒ် စု ရှေ့ ၌ ရှိ နေ သည့် အတွက် အဓိပ္ပာယ် လွဲချော် ကုန် ပါ သည် ။ ကတ္တား ကို ကြိယာ ၏ ရှေ့ ၌ ထား ၍ " ကလေး စာပေ များ ကို ထုတ်ဝေ ရန် လပြည့်ဝန်း စာပေ တိုက် က စီစဉ် လျက် ရှိ သည် ။ " ဟု ရေး သား မှ ဆို လို ချင် သည့် အဓိပ္ပာယ် သို့ ရောက် မည် ဖြစ် သည် ။	G10	Upper Secondary
"၄ ။ ကံ နှင့် ကြိယာ တို့ ဝေး နေ လျှင် လည်း အဓိပ္ပာယ် ရှုပ် တတ် ပါ သည် ။ သာမက  "" ဆိုင် မှ ပစ္စည်း များ ပျောက်ဆုံး သွား သည့် အတွက် ဆိုင် မန်နေဂျာ ကို အရေးယူ ရန် တိုင်ကြား သည် ။ "" ဟူသော ဝါကျ တွင် မန်နေဂျာ သည် အရေးယူ ခံ ရ မည့် သူ ဖြစ် သွား ရ ခြင်း မှာ "" ဆိုင် မန်နေဂျာ ကို "" ဟူသော ကံ နှင့် "" အရေးယူ ရန် "" ဟူသော ကြိယာ တို့ ကပ် နေ သော ကြောင့် ဖြစ် ပါ သည် ။ မန်နေဂျာ မှာ အရေးယူ ခံ ရ မည့် သူ မ ဟုတ် ဘဲ ဆိုင် ဝန်ထမ်း ကို အရေးယူ ရန် တိုင်ကြား ခံ ရ မည့် ပုဂ္ဂိုလ် သာ ဖြစ် သည် ဆို လျှင် မူ "" ဆိုင် မန်နေဂျာ ကို "" ဟူသော ကံ ကို "" တိုင်ကြား သည် "" ဟူသော ကြိယာ နှင့် ကပ် ထား ရ ပါ မည် ။ ကံ ကို သက်ဆိုင်ရာ ကြိယာ နှင့် နီးနီးကပ်ကပ် ထား ၍ "" ဆိုင် မှ ပစ္စည်း များ ပျောက်ဆုံး သွား သည့် အတွက် အရေးယူ ရန် ဆိုင် မန်နေဂျာ ကို တိုင်ကြား သည် "" ဟု ရေး မှ ဆို လို ချင် သည့် အဓိပ္ပာယ် ရောက် မည် ဖြစ် သည် ။"	သာဓက " ဆိုင် မှ ပစ္စည်း များ ပျောက်ဆုံး သွား သည့် အတွက် ဆိုင် မန်နေဂျာ ကို အရေးယူ ရန် တိုင်ကြား သည် ။ " ဟူသော ဝါကျ တွင် မန်နေဂျာ သည် အရေးယူ ခံ ရ မည့် သူ ဖြစ် သွား ရ ခြင်း မှာ " ဆိုင် မန်နေဂျာ ကို " ဟူသော ကံ နှင့် " အရေးယူ ရန် " ဟူသော ကြိယာ တို့ ကပ် နေ သော ကြောင့် ဖြစ် ပါ သည် ။ မန်နေဂျာ မှာ အရေးယူ ခံ ရ မည့် သူ မ ဟုတ် ဘဲ ဆိုင် ဝန်ထမ်း ကို အရေးယူ ရန် တိုင်ကြား ခံ ရ မည့် ပုဂ္ဂိုလ် သာ ဖြစ် သည် ဆို လျှင် မူ " ဆိုင် မန်နေဂျာ ကို " ဟူသော ကံ ကို " တိုင်ကြား သည် " ဟူသော ကြိယာ နှင့် ကပ် ထား ရ ပါ မည် ။ ကံ ကို သက်ဆိုင်ရာ ကြိယာ နှင့် နီးနီးကပ်ကပ် ထား ၍ " ဆိုင် မှ ပစ္စည်း များ ပျောက်ဆုံး သွား သည့် အတွက် အရေးယူ ရန် ဆိုင် မန်နေဂျာ ကို တိုင်ကြား သည် " ဟု ရေး မှ ဆို လို ချင် သည့် အဓိပ္ပာယ် ရောက် မည် ဖြစ် သည် ။	Upper Secondary	
လေ့ကျင့်ခန်း	၁ ။ အောက် ပါ ဝါကျ အသီးသီး ရှိ ကတ္တား ကို အထားအသို အစီအစဉ် သင့် အောင် ပြင် ဖွဲ့ ပါ ။ ( ၁ ) ဖိုး သာ အောင် က တွေ့ ရာ ကို ချို ဖြင့် လိုက်လံ ခတ် ကာ ရွာသား များ ကို အနှောင့်အယှက် ပေး နေ သော ကျွဲရိုင်း ကို ဖမ်းဆီး လိုက် သည် ။ ( ၂ ) ဆရာဝန် ကြီး များ က ဆေးလိပ် ကို အလွန်အကျွံ သောက် ၍ အဆုတ် ရောဂါ ဖြစ် ကြ သဖြင့် ဆေးလိပ် ကို မ သောက် ရန် တားမြစ် ကြ သည် ။ ( ၃ ) ဒိုင်လူကြီး များ က ကြမ်းတမ်း စွာ က စား သည့် အပြင် ပြိုင်ဘက် ကစားသမား များ ကို ရန် စ တတ် သော ဘောလုံးသမား ဖိုးတုတ် ကို ပြင်းထန် စွာ သတိပေး လိုက် သည် ။	G10	Upper Secondary
လေ့ကျင့်ခန်း	၂ ။ အောက် ပါ ဝါကျ အသီးသီး ရှိ နာမ် အထူး ပြု ပုဒ် များ နှင့် ကြိယာ အထူး ပြု ပုဒ် များ ၏ အထားအသို အစီအစဉ် သင့် အောင် ပြင် ဖွဲ့ ပေး ပါ ။ ( ၁ ) ကျွန်တော် သည် မော်လမြိုင် က ဆရာ ကို ဒူးရင်းသီး ဖြင့် ကန် တော့ သည် ။ ( ၂ ) မ လှ သည် မ မြ အား ယမန် နှစ် က သဇင်ပန်း များ ကို လက်ဆောင် အဖြစ် ပေး သည် ။ ( ၃ ) မ မ သည် အပ်ချည် နှင့် ခရေပွင့် များ ကို သီ သည် ။ ( ၄ ) ၁၀ ကြိမ်မြောက် ရပ်ကွက် လူငယ် များ စာကြည့်တိုက် ၏ စာပေ ဟောပြောပွဲ ကို ယခု နှစ် တွင် ကျင်းပ မည် ။ ( ၅ ) ကျွန်တော် သည် သစ်ပင် ပေါ် က လယ်ကွင်း များ ကို လှမ်း မြင် ရ သည် ။	G10	Upper Secondary
လေ့ကျင့်ခန်း ၃ ။ အောက် ပါ ဝါကျ များ ကို အထားအသို မှန်ကန် အောင် စီစဉ် ပါ ။	( ၁ ) ဆရာ ကြီး က ကျောင်း မှန် မှန် မ တက် သည့် အတွက် ကျောင်းသား များ ကျောင်း ကို မှန် မှန် တက် ကြ ရန် သတိပေး သည် ။	G10	Upper Secondary
လေ့ကျင့်ခန်း ၃ ။ အောက် ပါ ဝါကျ များ ကို အထားအသို မှန်ကန် အောင် စီစဉ် ပါ ။	( ၂ ) ဖေဖေ က ချော် လဲ ၍ ခြေထောက် နာ နေ သဖြင့် ငို နေ သော ဖိုးဇော် ကို အငိုတိတ် အောင် ချော့ နေ သည် ။	G10	Upper Secondary
လေ့ကျင့်ခန်း ၃ ။ အောက် ပါ ဝါကျ များ ကို အထားအသို မှန်ကန် အောင် စီစဉ် ပါ ။	( ၃ ) ပုံပြင် အလွန် ကြိုက် သော မေမေ က မောင် လေး ကို ပုံပြင် ပြော ၍ သိပ် နေ သည် ။	G10	Upper Secondary
လေ့ကျင့်ခန်း ၃ ။ အောက် ပါ ဝါကျ များ ကို အထားအသို မှန်ကန် အောင် စီစဉ် ပါ ။	( ၄ ) အေးချမ်း လှ သော ကျွန်တော့် ကို ကို သည် မေ မြို့ တွင် နေ ထိုင် သည် ။	G10	Upper Secondary
လေ့ကျင့်ခန်း ၃ ။ အောက် ပါ ဝါကျ များ ကို အထားအသို မှန်ကန် အောင် စီစဉ် ပါ ။	( ၅ ) အသက် ၁၀၀ ကျော် ပြီ ဖြစ် သော ဖေဖေ သည် ဘွားဘွား ၏ အချစ်ဆုံး သား ဖြစ် သည် ။	G10	Upper Secondary
လေ့ကျင့်ခန်း	၄ ။ ပုဒ် အထားအသို မှန် အောင် ပြန် စဉ် ၍ ရေး သား ပါ ။ ( ၁ ) မေမေ သည် အိပ်ခန်း ထဲ တွင် ရန် မ ဖြစ် ရန် သား သမီး များ ကို ဆုံးမ သည် ။ ( ၂ ) လှပ သော မ မ ၏ အရုပ် လေး မှာ သူ ၏ ဖေဖေ က မွေးနေ့ လက်ဆောင် အဖြစ် ပေး ထား ခြင်း ဖြစ် သည် ။ ( ၃ ) အိမ် စာ မ ပြီး သေး သော ကြောင့် စိုးရိမ် နေ သော မေမေ သည် မောင် လေး ကို အိမ် စာ ကူ လုပ် ပေး မည့် အကြောင်း နှစ်သိမ့် နေ သည် ။ ( ၄ ) လှပ သော ဆရာ ကြီး မှာ သမီး တစ် ယောက် ရှိ သည် ။ ( ၅ ) ညီလေး သည် ခြင်း ထဲ မှ အစ်ကို ကြီး အား အဝတ် များ ကို ကူ သိမ်း ပေး နေ သည် ။	G10	Upper Secondary
လေ့ကျင့်ခန်း	၅ ။ ပေး ထား သည့် ပုဒ် စု များ ကို အထားအသို မှန် သည့် ဝါကျ တစ် ကြောင်း ဖြစ် အောင် စဉ် ပါ ။ ( ၁ ) ခူး သည် ကြာပန်း ကို လှေ ပေါ် က ( ၂ ) ဆုံးမ သည် လိမ် မ ပြော ရန် တပည့် များ ကို စာသင်ခန်း တွင် ဆရာ က ( ၃ ) တပည့် ကို ချစ် သည် လိမ္မာ သော ဆရာ သည် ( ၄ ) အိမ် ပေါ် က ခေါ် သည် မုန့် သည် ကို ကျွန်တော် သည် ( ၅ ) ဖက် ရွက် နှင့် မေမေ သည် ထုပ် သည် မုန့် ဖတ် များ ကို	G10	Upper Secondary
အခန်း ၂ စာ ပုံစံ အမျိုးမျိုး	စာ ရေး သား ရာ တွင် စာ ပုံစံ အမျိုးမျိုး ရှိ ပါ သည် ။ စာ ပုံစံ အမျိုးမျိုး ရေး ရာ တွင် အရေး စကားပြေ ဖြင့် လည်း ရေး ကြ သည် ။ အပြော စကားပြေ ဖြင့် လည်း ရေး ကြ သည် ။	G10	Upper Secondary
အခန်း ၂ စာ ပုံစံ အမျိုးမျိုး	အရေး စကားပြေ မှာ ရေး ဟန် ဖြင့် ရေး သော စာ မျိုး ဖြစ် သည် ။ အပြော စကားပြေ မှာ အပြော သုံး စကား ၊ ပြော ဟန် ဝါကျ များ ဖြင့် ရေး သား သော ဆွေးနွေး ချက် ၊ မိန့်ခွန်း ၊ ဝတ္ထု ၊ စ သည့် စာ မျိုး ဖြစ် သည် ။	G10	Upper Secondary
အခန်း ၂ စာ ပုံစံ အမျိုးမျိုး	အရေး စကားပြေ သည် စာ ဟန် ပေ ဟန် ဖြင့် အစဉ်အဆက် ရေး သား လာ သော စကားပြေ မျိုး ဖြစ် သည့် အတွက် စာသံပေသံ ပါ ပြီး လေးနက် ခံ့ညား သည် ဟု ယူဆ ကြ သည် ။ ထို့ကြောင့် လူ ကြီး ၊ မိဘ ၊ အထက် အရာ ရှိ စသည် တို့ ထံ ရေး သော ပေး စာ များ ၊ အစီရင်ခံစာ များ ၊ လုပ်ငန်း သဘော အရ ရေး သား သော စာ များ ၊ မှတ်တမ်း များ ၊ စာပေ ကျမ်းဂန် များ ကို အရေး စကားပြေ ဖြင့် ရေး လေ့ ရှိ ကြ သည် ။	G10	Upper Secondary
အခန်း ၂ စာ ပုံစံ အမျိုးမျိုး	အပြော စကားပြေ မှာ မူ နေ့စဉ် ပြော ဆို နေ ကြ သော စကား ပြော ဆို ပုံ အတိုင်း ပြေပြစ် အောင် စီစဉ် ရေး သား ထား ခြင်း ဖြစ် သည့် အတွက် အပြော နှင့် နီးစပ် ပြီး ပေါ့ ပါး သွက်လက် သည် ။ ထို့ကြောင့် စကား ပြော ဟန် အတိုင်း ရေး သော ပေး စာ များ ၊ ပြော စကား များ ကို အပြော စကားပြေ ဖြင့် ရေး လေ့ ရှိ သည် ။ ဤ သို့ အား ဖြင့် စာ ပုံစံ အမျိုးမျိုး ရေး နည်း များ ကို တင်ပြ ထား ပါ သည် ။	G10	Upper Secondary
အခန်း ၂ စာ ပုံစံ အမျိုးမျိုး	မိတ်ဆွေ အချင်းချင်း ၊ မိဘ နှင့် သား သမီး ၊ ဆရာ နှင့် တပည့် ၊ အလုပ် ရှင် နှင့် အလုပ် လျှောက် သူ စသည် အချင်းချင်း ဆက်ဆံ ရာ ၌ အပြန်အလှန် စာ ပေး စာ ယူ ပြု ခြင်း သည် အရေး ပါ သော လူ မှု ရေး လုပ်ငန်း တစ် ရပ် ဖြစ် ၏ ။ ကျွန်ုပ် တို့ သည် နေ့စဉ် လို ပင် တွေ့ဆုံ ဆက်ဆံ ၍ မ ဖြစ် နိုင် သော ကိစ္စ များ အတွက် စာ များ အပြန်အလှန် ပေး ပို့ ဆက်ဆံ ကြ ရ သည် ။ ထို့ကြောင့် လူ တိုင်း ပင် စာ များ အပြန်အလှန် ရေး တတ် ရန် လေ့ကျင့် အပ် သည် ။ စာ ပါ အကြောင်းအရာ စာ ပေး ပို့ သူ နှင့် စာ ၏ ရည်ရွယ် ချက် ကို လိုက် ၍ ပေး စာ များ ကို အမျိုးမျိုး ခွဲခြား နိုင် ၏ ။ အဓိက အား ဖြင့် ပေး စာ နှစ် မျိုး ရှိ ၏ ။ ( ၁ ) လူ မှု ရေး သဘော သက်ဝင် သော ပေး စာ များ ( ၂ ) လုပ်ငန်း သဘော သက်ဝင် သော ပေး စာ များ	G10	Upper Secondary
ပေး စာ ရေး နည်း ပုံစံ	စနစ် ကျ သော ပေး စာ များ မှာ ပုံစံ ရှိ ၏ ။ ပေး စာ တစ် စော် ၌ ပါ ဝင် အပ် သော အင်္ဂါ ရပ် များ နှင့် ပြည့်စုံ ရ ၏ ။ ထို့ကြောင့် အပြန်အလှန် ပေး စာ များ သည် အောက် ပါ အင်္ဂါ ရပ် များ နှင့် ပြည့်စုံ သော ပုံစံ မျိုး ဖြစ် ရ မည် ။	G10	Upper Secondary
ပေး စာ ရေး နည်း ပုံစံ	( က ) ခေါင်းစဉ် စာတန်း ။ ။ စာ တစ် စောင် ၏ ခေါင်းစဉ် စာတန်း သည် စာ ရေး သူ ၏ နေ ရပ် နှင့် စာ ရေး သည့် ရက်စွဲ ကို ဖော်ပြ သော အစိတ်အပိုင်း ဖြစ် ၏ ။ စာ ၌ ပထမ မျက်နှာ လက်ယာ ဘက် ထိပ်ဆုံး ၌ တည် ရှိ ရ သည် ။	G10	Upper Secondary
ပေး စာ ရေး နည်း ပုံစံ	( ခ ) နှုတ်ခွန်းဆက် ။ ။ နှုတ်ခွန်းဆက် မှာ စာ ပေး ပို့ သူ နှင့် စပ်လျဉ်း ၍ အမျိုးမျိုး ပြောင်းလဲ သုံးစွဲ ရ သည် ။ ( မိမိ ထက် ရာထူး ဂုဏ်ထူး ကြီး သော ပုဂ္ဂိုလ် များ နှင့် ဆက်ဆံ ရာ ၌ လည်း ကောင်း ၊ အလုပ် သဘော ဆက်ဆံ ရာ ၌ လည်း ကောင်း ၊ " လူ ကြီး မင်း ခင်ဗျား ၊ " " ဆရာ ကြီး ခင်ဗျား " ၊ " အတန်းပိုင် ဆရာ ခင်ဗျား " စ သည့် နှုတ်ခွန်းဆက် စကား များ ကို သုံး ရ မည် ။ နှုတ်ခွန်းဆက် စကား သည် စာ ကို မ စ မီ ပထမ စာ ကြောင်း ၏ လက်ဝဲ ဘက် အစွန်း ၌ ရှိ ၏ ။ )	G10	Upper Secondary
ပေး စာ ရေး နည်း ပုံစံ	( ဂ ) စာ ကိုယ် ။ စာ ကိုယ် ဆို သည် မှာ ရေး သား လို သော စာ ပါ အကြောင်းအရာ ကို ဆို လို သည် ။ စာ ကိုယ် တွင် အောက် ပါ အချက်အလက် များ ကို လိုက်နာ ရေး သား ပါ ။ ( ၁ ) စာ ရေး ဟန် ။ ။ ရင်းနှီး သော မိတ်ဆွေ ချင်း ရေး သား သော စာ များ နှင့် မိမိ ထက် ဂုဏ်ထူး ၊ ရာထူး အသက် ဝါ ကြီး ရင့် သူ များ ထံ ရေး သား သော စာ များ သည် အကြောင်းအရာ ချင်း တူ စေကာမူ ရေး ဟန် မ တူ နိုင် ချေ ။ မိတ်ဆွေ ချင်း ရေး ရာ ၌ စကား ပြော သကဲ့သို့ ရေး နိုင် ၏ ။ ဂုဏ်ထူး ရာထူး ကြီး မြင့် သူ များ ထံ ရေး သော စာ နှင့် အလုပ် သဘော သက်ဝင် သော ပေး စာ များ ၌ စကား ပြော သကဲ့သို့ မ ရေး ရ ။ စာ ရေး သား ဟန် သက်သက် ဖြင့် ရေး သည် ။ ( ၂ ) အကြောင်းအရာ အချက်အလက် ကို လိုက် ၍ စာပိုဒ် ခွဲ ပါ ။ ( ၃ ) လွယ်ကူ ရှင်းလင်း ၍ သိသာ လွယ် သော စကား များ ကို သုံး ပါ ။ ( ၄ ) မိမိ ဖော်ပြ လို သော အချက်အလက် အလုံးစုံ ပါ ဝင် အောင် ရေး သား ပါ ။ ( ၅ ) ပေး စာ ရေး ရာ ၌ သေသပ် သန့်ရှင်း မှု ကို အထူး ဂရုပြု ပါ ။ ( ၆ ) စကား အဖြတ်အတောက် ၊ ဝါကျ အဖြတ်အတောက် များ ကို ဂရုပြု ၍ ရေး သား ပါ ။	G10	Upper Secondary
ပေး စာ ရေး နည်း ပုံစံ	( ဃ ) ဆုတောင်း စကား နှင့် နိဂုံး နှုတ်ဆက် စကား ။ ။ အချို့ စာ များ ၌ ဆုတောင်း စကား ဖြင့် မိမိ စာ ကို အဆုံးသတ် ရေး သား ကြ ၏ ။ ဆုတောင်း စကား မှာ မိမိ နှစ်သက် ရာ ဆုတောင်း စကား ကို အသုံးပြု နိုင် ၏ ။ ( အလုပ် လျှောက်လွှာ ၊ ခွင့် ပေး စာ မျိုး ၌ ဆုတောင်း စကား မ လို ပေ ။ ) ပေး စာ ကို တုံးတိတိ ဖြတ် ၍ အဆုံး မ သတ် သင့် ။ မ ဖြတ် သင့် ပေ ။ စာ ရေး သူ အပေါ် ၌ ထား ရှိ သော မိမိ ၏ သဘောထား ကို အတိုဆုံး အသုံးအနှုန်း ဖြင့် ပြသ ရ သည် ။ ထို နှုတ်ဆက် စကား ကို နိဂုံး နှုတ်ဆက် စကား ဟု ခေါ် သည် ။ ထို စကား မှာ မိမိ လက်မှတ် ၏ အထက် နား တွင် ရှိ ရ သည် ။	G10	Upper Secondary
ပေး စာ ရေး နည်း ပုံစံ	( င ) လက်မှတ် ။ ။ စာ အဆုံး တွင် စာ ရေး သူ ၏ လက်မှတ် ရေး ထိုး ရ မည် ။ လက်မှတ် မှာ စာ အဆုံး လက်ယာ ထောင့် တွင် ရှိ ရ မည် ။ လက်မှတ် အောက် ၌ မိမိ အမည် ကို ကွင်း သွင်း ဖောင် ပြ နိုင် လျှင် ပို ကောင်း ၏ ။	G10	Upper Secondary
ပေး စာ ရေး နည်း ပုံစံ	( စ ) လိပ်စာ ။ ။ လိပ်စာ ကို စနစ်တကျ ရေး တတ် ရန် များ စွာ လို သည် ။ ပေး စာ စာအိတ် ၌ လက်ယာ ဘက် ထောင့်စွန်း တွင် ( လိုအပ် လျှင် ) တံဆိပ်ခေါင်း ကပ် ရ မည် ။ လိပ်စာ ကို လက်ဝဲ ဘက် မှ စ ၍ ရေး ရ သည် ။ လိပ်စာ ရေး ရာ ၌ အမည် ၊ ရာထူး ၊ နေရပ် ၊ မြို့ နှင့် ( လိုအပ် လျှင် ) ခရိုင် ၊ ဒေသ စသည် တို့ ကို ပါ ဖော်ပြ ရ မည် ။	G10	Upper Secondary
ပေး စာ ရေး နည်း ပုံစံ	၃၃ ၊ ဘုရင့်နောင် လမ်း ချောက် မြို့ ။ ၂ဝ၂ဝ ပြည့် နှစ် ၊ ဧပြီ လ ၁၇ ရက် ။ သူငယ်ချင်း ဖိုး ခင် ညို	G10	Upper Secondary
ပေး စာ ရေး နည်း ပုံစံ	စာမေးပွဲ တွေ ပြီး လို့ ကျောင်း ပိတ် တာ နဲ့ ချောက် မြို့ ကို မင်း ပြန် လာ မ လား လို့ ငါ မျှော်လင့် ခဲ့ သေး တယ် ။ သင်္ကြန် မ တိုင် ခင် မင်း ဆီ က စာ ရ မှ ပဲ စာမေးပွဲ အောင် စာရင်း ထွက် ပြီး တဲ့ နောက် မှ မင်း ပြန် လာ မယ် ဆို တာ သိ ရ တယ် ။ ငါ တော့ မင်း နဲ့ ခွဲခွာ နေ ရ တာ မို့ မင်း ပြန် လာ ရင် သင်္ကြန် တွင်း မှာ အတူတူ ပျော် လိုက် မ ဟဲ့ လို့ အား ခဲ ထား တာ အလကား ဖြစ် သွား တာ ပေါ့ ။	G10	Upper Secondary
ပေး စာ ရေး နည်း ပုံစံ	အထူးသဖြင့် သင်္ကြန် တွင်း မှာ မင်း ကို ပို ပြီး သတိရ တယ် ဖိုး ခင် ညို ရာ ။ ဟိုး လွန် ခဲ့ တဲ့ နှစ် က ဆို ရင် မင်း တို့ ငါ တို့ တစ် တွေ ရေနံချောင်း သွား ပြီး ရေ က စား ကြ သေး တယ် မင်း မှတ်မိ သေး တယ် မ ဟုတ် လား ။ ဩဇာ တော နား မှာ မော်တော်ကား ဘီး ပေါက် လို့ စိတ်ညစ် ရ တာ က လွဲ ရင် တို့ တစ် တွေ ပျော် ခဲ့ ကြ တယ် မ ဟုတ် လား ကွ ။	G10	Upper Secondary
ပေး စာ ရေး နည်း ပုံစံ	ဒီ နှစ် တော့ ငါ တို့ တစ် တွေ ပုပ္ပား သွား ကြ တယ် ။ ငါ ဖြင့် မင်း ကို သိပ် သတိရ တာ ပဲ ။ ဒီ နှစ် ပုပ္ပား ရေ သဘင် ဟာ အစည်ကားဆုံး ပဲ ဖိုး ခင် ညို ရေ ။ တောင် သာ က ကား တွေ တောင် လာ ကြ တယ် ။ ရေ ထွက် ပေါက် နား မှာ အများဆုံး ရေ ကစား ကြ တာ ပေါ့ ။ ရေ ကစား ရ တာ ထက် တောင် ကလပ် တက် ရ တာ ပို ပျော်စရာ ကောင်း သေး တယ် ။ ညနေစောင်း မှာ ပုပ္ပား က ပြန် လာ ခဲ့ တာ ညနေ ၆ နာရီ လောက် မှ ချောက် ကို ရောက် ကြ တယ် ။ အတက် နေ့ မှာ တော့ မြို့ ထဲ မှာ ပဲ ရေ ကစား ကြ တယ် ။ နှစ်ဆန်းတစ်ရက်နေ့ ကျ တော့ ငါ တို့ အိမ် မှာ ဘုန်းကြီး ဆွမ်းကပ် တယ် ။ မင်း လဲ ရန်ကုန် မှာ တော့ အတော် ပဲ ပျော် လိမ့် မယ် လို့ ငါ မျှော်လင့် ပါ တယ် ။ စာ လဲ အတော် ရှည် လာ ပြီ ကွာ ။	G10	Upper Secondary
ပေး စာ ရေး နည်း ပုံစံ	ဖိုး ခင် ညို ရေ ငါ တို့ အိမ် သား တွေ အားလုံး က လဲ မင်း ကို အမှတ် ရ ကြ ပါ တယ် ။ စာမေးပွဲ အောင်မြင် စေ ဖို့ လဲ အားလုံး က ဆုတောင်း မျှော်လင့် ကြ ပါ တယ် ။ ဒါ ပါ ပဲ သူငယ်ချင်း ။	G10	Upper Secondary
ပေး စာ ရေး နည်း ပုံစံ	ရွှင်လန်းချမ်းမြေ့ ပါ စေ ကွာ အစဉ် သတိရ လျက် ထွန်း နောင်	G10	Upper Secondary
နေ့စဉ် မှတ်တမ်း	နေ့စဉ် မှတ်တမ်း ဆို သည် မှာ တစ် နေ့ တာ အဖြစ်အပျက် ၊ အကြောင်းအရာ ကို အဖြစ် မှန် အတိုင်း လက် ရေး လက် သား နှင့် ရေး သား ထား သည့် " စာ " ဖြစ် သည် ။	G10	Upper Secondary
နေ့စဉ် မှတ်တမ်း	နေ့စဉ် မှတ်တမ်း ရေး သား နိုင် ရန် အောက် ပါ အလေ့အကျင့် ကောင်း များ လိုအပ် ပါ သည် ။	G10	Upper Secondary
နေ့စဉ် မှတ်တမ်း	( ၁ ) ပထမဆုံး နည်းလမ်း မှာ တိုတိုထွာထွာ အချက် လေး များ ကို မှတ်သား တတ် သည့် အလေ့အကျင့် မှ စ ရ မည် ဖြစ် သည် ။	G10	Upper Secondary
နေ့စဉ် မှတ်တမ်း	( ၂ ) အလေ့အကျင့် ရ ပြီ ဆို လျှင် တစ် နေ့ တာ မှာ တွေ့ကြုံ ခဲ့ ရ သည့် အဓိက အကြောင်းအရာ များ ထဲ မှ အဓိက ကျ သည့် အချက်အလက် များ ကို စာမျက်နှာ ပေါ် ၌ အကြမ်းဖျင်း မှတ်သား သည့် အလေ့အကျင့် သို့ ပြောင်း ကြည့် ရ မည် ဖြစ် သည် ။	G10	Upper Secondary
နေ့စဉ် မှတ်တမ်း	( ၃ ) အကြမ်း မှတ် သည့် အခါ လက် ရေး လက် သား ပီသ ရန် ၊ အကြောင်းအရာ မှန်ကန် ရန် ၊ လို ရင်း ကို တိတိကျကျ ရေး ရန် လို ပါ သည် ။	G10	Upper Secondary
နေ့စဉ် မှတ်တမ်း	( ၄ ) ရေး သည့် အခါ ၌ လည်း မိမိ ၏ တစ် နေ့ တာ အတွေ့အကြုံ များ ထဲ က မှ အဓိက အချက် များ ဖြစ် သည့် " မိမိ ၊ ကျောင်း ၊ အိမ် ၊ ခရီး ၊ နေ ရာ ၊ မိတ်ဆွေ " များ ကို ရေး မှတ် ထား ရ မည် ဖြစ် ပါ သည် ။	G10	Upper Secondary
နေ့စဉ် မှတ်တမ်း	( ၅ ) ထို့နောက် တစ် ချက် နှင့် တစ် ချက် ကျိုးကြောင်း ဆီလျော် မှု ရှိ အောင် ၊ အချက် တစ် ချက် နှင့် တစ် ချက် အပ်ချည် နှင့် ဖွဲ့သီ ထား သလို အစီအစဉ်တကျ ဖြစ် အောင် ရေး သား ရန် လို ပါ သည် ။	G10	Upper Secondary
နေ့စဉ် မှတ်တမ်း	ပုံစံ ကျ သည့် နေ့စဉ် မှတ်တမ်း တစ် စောင် ကို ရေး သား ရာ တွင်	G10	Upper Secondary
နေ့စဉ် မှတ်တမ်း	( ၁ ) မည် သည့် နေ့ ၌ မည် သည့် အကြောင်းအရာ ဖြစ် ခဲ့ သည် ကို သိ ရှိ ရန် အတွက် အချက်အလက် များ ၏ အပေါ် ဘက် ညာ ဘက် ထောင့် မှာ " နှစ် ၊ လ ၊ ရက် ၊ နေ့ " များ ကို တိတိကျကျ မှတ်တမ်း ထိုး ရ မည် ဖြစ် သည် ။	G10	Upper Secondary
နေ့စဉ် မှတ်တမ်း	( ၂ ) မိမိ ၏ အမြတ်တနိုး တန်ဖိုး ထား အပ် သော နေ့စဉ် မှတ်တမ်း သည် မိတ်ဆွေ တစ် ယောက် နှင့် တူ သည် ဟု မှတ် ထား ရ ပါ မည် ။ ထို့ကြောင့် စာမျက်နှာ ၏ အပေါ် ဘက် ဘယ် ဘက် ထောင့် တွင် " ကျွန်ုပ် ၏ နေ့စဉ် မှတ်တမ်း ၊ ကျွန်ုပ် ၏ တစ် နေ့ တာ အမှတ်တရ များ " စ သည့် အမည် ပေး ရ မည် ဖြစ် ပါ သည် ။	G10	Upper Secondary
နေ့စဉ် မှတ်တမ်း	( ၃ ) မှတ်တမ်း များ ကို ရေး သွင်း သည့် အခါ မိမိ ကိုယ်တိုင် အမှတ်တမဲ့ ကြုံတွေ့ ခံစား ရ သည့် အကြောင်းအရာ အဖြစ်အပျက် လေး များ ကို အခြေခံ သည့် ဝါကျ တို လေး များ နှင့် ရိုးရိုးရှင်းရှင်း ရေး ရ မည် ဖြစ် သည် ။ ၁၄ ၆	G10	Upper Secondary
နေ့စဉ် မှတ်တမ်း	( ၄ ) ရေး သည့် အခါ ၌ မိမိ ၏ တစ် နေ့ တာ အတွေ့အကြုံ များ ထဲ က မှ ကောက်နုတ် ထား သည့် အဓိက အချက် များ ကို သာ ဦးတည် ၍ ရေး ရ မည် ဖြစ် သည် ။ သာဓက ပြ ရ မည် ဆို လျှင် " မိမိ အကြောင်း ၊ အိမ် အကြောင်း ၊ ကျောင်း အကြောင်း ၊ သူငယ်ချင်း အကြောင်း ၊ သွား ခဲ့ သည့် ခရီး အကြောင်း " စ သည့် အရေးကြီး သည် များ ကို ဦး စား ပေး ၍ ရေး ရ မည် ဖြစ် သည် ။	G10	Upper Secondary
နေ့စဉ် မှတ်တမ်း	( ၅ ) မိမိ အကြောင်း နှင့် ပတ်သက် ၍ မှတ်တမ်း ပြု သည့် အခါ ၌ ယနေ့ ကြုံတွေ့ ရ သည့် အဖြစ်အပျက် အကြောင်းအရာ များ မှ တစ် ဆင့် မိမိ ၏ ခံစား မှု များ ကို ဖော်ပြ နိုင် သည် အထိ ရေး ပြ ရန် လိုအပ် ပါ သည် ။	G10	Upper Secondary
နေ့စဉ် မှတ်တမ်း	( ၆ ) နေ့စဉ် မှတ်တမ်း ရေး သား ရာ တွင် ရှင်းလင်း ပြေပြစ် သည့် အရေး သား ကောင်း ဖြစ် ရန် လို ပါ သည် ။ ထို့ကြောင့် ရေး သည့် အခါ တွင် အဖွဲ့အနွဲ့ များ ၊ အလင်္ကာ များ ၊ ဥပမာ များ နှင့် သွယ်ဝိုက် ၍ ရေး သား ထား သည် များ ကို တတ် နိုင် သမျှ ရှောင် ရ မည် ။	G10	Upper Secondary
အခန်း ၃ စာ အရေးအသား အတတ်ပညာ	စာ ကို ရေး သား ရာ တွင် သဒ္ဒါ အသုံး မှန်ကန် ခြင်း ၊ စာလုံးပေါင်း သတ်ပုံ မှန်ကန် ခြင်း ၊ ဝါကျ အထားအသို မှန်ကန် ခြင်း တို့ သည် အခြေခံ လိုအပ် ချက် များ ဖြစ် ပြီး ပို ၍ အဆင့်မြင့် သည့် စာ အရေးအသား အတတ်ပညာ နည်း နာ များ လည်း ရှိ ပါ သည် ။ ထို နည်း နာ များ အနက် အဓိက ကျ သည့် နည်း နာ များ မှာ သဒ္ဒါ လင်္ကာ ရ မြောက် အောင် ရေး ဖွဲ့ နည်း ၊ အတ္ထာ လင်္ကာ ရ မြောက် အောင် ရေး ဖွဲ့ နည်း နှင့် ရေး ဖွဲ့ နည်း တို့ ဖြစ် ပါ သည် ။	G10	Upper Secondary
အခန်း ၃ စာ အရေးအသား အတတ်ပညာ	သဒ္ဒါ လင်္ကာ ရ သည် စကား တန်ဆာဆင် ခြင်း ဖြစ် ပါ သည် ။ အတ္ထာ လင်္ကာ ရ သည် အနက် တန်ဆာဆင် ခြင်း ဖြစ် ပါ သည် ။ သဒ္ဒါ လင်္ကာ ရ မြောက် အောင် ရေး ဖွဲ့ ခြင်း သည် ဂုဏ်မြောက် အောင် ရေး ဖွဲ့ ခြင်း ဖြစ် ပါ သည် ။ အတ္ထာ လင်္ကာ ရ မြောက် အောင် ရေး ဖွဲ့ ခြင်း သည် အလင်္ကာ ဖြင့် အနက် တန်ဆာဆင် ရေး ဖွဲ့ ခြင်း ဖြစ် ပါ သည် ။ ရ သ မြောက် အောင် ရေး ဖွဲ့ ခြင်း သည် ရ သကိုး ပါး အနက် ရသ တစ် ပါးပါး ကို ဖြစ်စေ ၊ ရသ အများ ကို ဖြစ်စေ ပေါ်လွင် စေ ပြီး ရသ အာနိသင် ရ ရှိ အောင် ရေး ဖွဲ့ သော နည်း ဖြစ် ပါ သည် ။ ယခု ဒသမ တန်း သင်ခန်းစာ တွင် ရေး ဖွဲ့ နည်း ကို ထည့်သွင်း ထား ခြင်း မ ရှိ သေး ပါ ။ အနက် တန်ဆာဆင် ခြင်း ဖြစ် သည့် အလင်္ကာ ငါး မျိုး နှင့် ရသ ကိုး ပါး တို့ အကြောင်း ကို ထည့်သွင်း ပြဋ္ဌာန်း ထား ပါ သည် ။	G10	Upper Secondary
အခန်း ၃ စာ အရေးအသား အတတ်ပညာ	အလင်္ကာ နှင့် ရ သ တို့ ၏ သဘောသဘာဝ ကို ကျေကျေညက်ညက် သိ ရှိ ပါ က စာ ဆို များ ရေး သား ထား သည့် စာ များ ကို လေ့လာ ရာ တွင် စာ ဆို ၏ စာ အရေးအသား အတတ်ပညာ ကို ခန့်မှန်း နိုင် မည် ဖြစ် ပြီး စာ ၏ အနှစ်သာရ ကို ပိုမို သိ မြင် လာ မည် ဖြစ် သည် ။ မိမိ ကိုယ်တိုင် စာပေ ဖန်တီး ရေး သား ရာ တွင် လဲ အဆိုပါ နည်း နာ များ ကို စမ်းသပ် အသုံးပြု ရေး သား ခြင်း ဖြင့် ဆန်းသစ် သော စာပေ လက် ရာ များ ကို တီထွင် ရေး သား နိုင် မည် ဖြစ် သည် ။ အလင်္ကာ ကို လေ့လာ ရာ တွင် စာ ၏ ဆို လို ချက် ကို ထက် ထက် မြက်မြက် ဖြစ် အောင် ပို့ဆောင် ပေး သော အဆင်တန်ဆာ အဖြစ် သင်ယူ သင့် ပါ သည် ။ အလင်္ကာ ကို လေ့လာ သင်ယူ ရာ တွင် စာ အဆက်အစပ် မ ရှိ ဘဲ အလင်္ကာ စကား ချည်း သက်သက် ကို ကွက် ၍ လေ့လာ သင်ယူ ခြင်း ကို ရှောင်ကြဉ် သင့် ပါ သည် ။	G10	Upper Secondary
အခန်း ၃ စာ အရေးအသား အတတ်ပညာ	ရ သ သဘော ကို လေ့လာ ရာ တွင် မိမိ ကြုံတွေ့ နေ ရ သည့် လူ့ လောက ကိစ္စ ၊ ဘဝ အဖြစ်အပျက် တို့ ၌ ဝမ်းမြောက် ထိုက် သော အရာ ကို ဝမ်းမြောက် ရ မှန်း သိ လာ အောင် ၊ သနား ထိုက် သော အရာ အတွက် သနား ရ မှန်း သိ လာ အောင် ၊ အား တက် ထိုက် သော အရာ အတွက် အား တက် ရ မှန်း သိ လာ အောင် ၊ ရဲရင့် ထိုက် သော အရာ အတွက် ရဲရင့် ရ မှန်း သိ လာ အောင် ၊ အံ့ဩ ထိုက် သော အရာ အတွက် အံ့ဩ ရ မှန်း သိ လာ အောင် ၊ ချစ် မြတ်နိုး ထိုက် သော အရာ အတွက် ချစ် မြတ်နိုး ရ မှန်း သိ လာ အောင် ၊ စက်ဆုပ် ထိုက် သော အရာ အတွက် စက်ဆုပ် ရ မှန်း သိ လာ အောင် ၊ ချီးကျူး ထိုက် သော အရာ အတွက် ချီးကျူး ရ မှန်း သိ လာ အောင် ၊ ကဲ့ရဲ့ ထိုက် သော အရာ အတွက် ကဲ့ရဲ့ ရ မှန်း သိ လာ အောင် လေ့လာ သင်ယူ သင့် သည် ။ ယင်း သည် ပင် ရသ ကိုး ပါး က ပေး သော ရသ အာနိသင် ဖြစ် သည် ။ ရသ အာနိသင် ကြောင့် ကျောင်းသား တို့ သည် သူ့ ဘဝ ပတ်ဝန်းကျင် ကို သူ့ ခံစား မှု အသိ ဖြင့် သတိ မူ မိ ၍ အမှား အမှန် ၊ အကောင်းအဆိုး ၊ အကျိုး အပြစ် တို့ ကို သဘောပေါက် လာ နိုင် သည် ။ ထို သို့ သော ရသ များ ပေါ်ပေါက် အောင် ဖန်တီး ရေး ဖွဲ့ ခြင်း သည် အဆင့်အတန်း မြင့် သော စာ ရေး နည်း အတတ်ပညာ ဖြစ် သည် ။	G10	Upper Secondary
အလင်္ကာ	" အလင်္ကာ " ကျမ်း များ ၏ အလို အရ စာပေ အဖွဲ့ တစ် ခု သည် အမျိုးသမီး ကလေး တစ် ဦး ၏ ကိုယ်ခန္ဓာ နှင့် တူ ၍ အပြစ် ဒေါသ များ သည် အဆင်း မ လှ ခြင်း ၊ နူနာ စွဲ ခြင်း ၊ အကျင့်ယုတ် ခြင်း စ သော အပြစ် အနာ များ နှင့် တူ သည် ။ အပြစ် ဒေါသ မ လွတ် သော အဖွဲ့ သည် ထို အပြစ် အနာ များ ရှိ သော အမျိုးသမီး နှင့် တူ ပါ သည် ။ အပြစ် ဒေါသ ကင်း သော အဖွဲ့ သည် အပြစ် အနာ ကင်း သော ပင် ကို ချော အမျိုးသမီး နှင့် တူ ပေ သည် ။	G10	Upper Secondary
အလင်္ကာ	စာပေ အဖွဲ့ တစ် ခု သည် ဒေါသ လည်း ကင်း ၊ ဂုဏ် လည်း မြောက် ၊ အတ္ထာ လင်္ကာ ရ များ နှင့် လည်း ပြည့်စုံ လျှင် ပင် ကို က လည်း ချော ၊ လိမ် လည်း လိမ္မာ ၊ အဆင်တန်ဆာ နှင့် လည်း ပြည့်စုံ သော အမျိုးသမီး ကလေး ကဲ့သို့ အလွန် နှစ်သက် ဖွယ် ကောင်း ပြီး ပညာ ရှိ တို့ ၏ စိတ် ကို ယိုဖိတ် တပ်မက် စေ နိုင် သော အစွမ်း ရှိ မည် ဖြစ် ကြောင်း ဥပမာ ဆောင် ထား ပုံ ကို ကြည့် လျှင် သဒ္ဒါ လင်္ကာရ ခေါ် စကား တန်ဆာ ၊ အတ္ထာ လင်္ကာရ ခေါ် အနက် တန်ဆာ များ ၏ အရေး ပါ ပုံ ကို သိ ရှိ နိုင် ပါ သည် ။	G10	Upper Secondary
အလင်္ကာ	အတ္ထာ လင်္ကာ ရ နည်း နာ များ ကို အလင်္ကာ ကျမ်း များ တွင် အကျယ်တဝင့် တင်ပြ ထား ပါ သည် ။ အချုပ် အား ဖြင့် ဆို ရ လျှင် တိုက်ရိုက် ဖွဲ့ ဆို သော သဘာဝ ဝုတ္တိ အလင်္ကာ နည်း ငါး နည်း နှင့် သွယ်ဝိုက် ဖွဲ့ ဆို သော ဝင်္ကဝုတ္တိအလင်္ကာ နည်း သုံး ဆယ့်ငါး နည်း ဟူ၍ ရှိ ပါ သည် ။	G10	Upper Secondary
အလင်္ကာ	သွယ်ဝိုက် ဖွဲ့ ဆို သော ဝင်္ကဝုတ္တိအလင်္ကာ နည်း သုံး ဆယ့်ငါး နည်း အနက် အလွန် အသုံး များ သော " ဥပမာ အလင်္ကာ " နည်းနာ များ အကြောင်း ကို စတင် ဆွေးနွေး ပါ မည် ။	G10	Upper Secondary
ဥပမာ အလင်္ကာ	အသုံး တွင် ကျယ် သော အလင်္ကာ ဖြစ် သည် ။ မည် မျှ အသုံး တွင် ကျယ် သနည်း ဆို လျှင် ဘုရား ရှင် ကိုယ်တော်မြတ် က စ ၍ သာမန် လူ များ အထိ အသုံးပြု သော အလင်္ကာ ဖြစ် သည် ဟု ဆို ချင် ပါ သည် ။ ဘုရား ရှင် သည် သတ္တဝါ ဝေနေယျ ကို တရား ဒေသ နာ များ ဟောကြားတော်မူ ရာ တွင် ထင် လွယ် မြင် လွယ် ဖြစ် အောင် ဥပမာ အလင်္ကာ အမျိုးမျိုး အသုံးပြု ၍ ဟောကြားတော်မူ ခဲ့ သည် ။	G10	Upper Secondary
ဥပမာ အလင်္ကာ	" မ ပြစ်မှား ထိုက် သူ ကို ပြစ်မှား မိ ပါ က ထို မ ကောင်း မှု သည် ပြစ်မှား သူ ထံ သို့ သာ ပြန်လည် ကျ ရောက် တတ် သည် ဟူသော သဘော ကို " လေ ညာ သို့ လွှင့် သော မြူမှုန် သည် လွှင့် သူ ထံ သို့ သာ ပြန် ရောက် သကဲ့သို့ " ဟု ဘုရား ရှင် က ဥပမာ ပေး တော် မူ ခဲ့ သည် ။ မည် မျှ ပေါ်လွင် ပါ သနည်း ။	G10	Upper Secondary
ဥပမာ အလင်္ကာ	မေမေ့ မျက်နှာ သည် လပြည့်ဝန်း ကဲ့သို့ ကြည်လင် လှ ပါ သည် ။ ဤ ဥပမာ တွင် အဓိက ပြော လို သည့် အကြောင်း သည် မေမေ့ အကြောင်း ဖြစ် သည် ။ ထို အဓိက ပြော လို သော အရာ ကို အနှိုင်းခံ ( ဥပမေယျ ) ဟု ခေါ် သည် ။ မေမေ့ ကို ဘာ နှင့် နှိုင်း ပြ သနည်း ။ လပြည့်ဝန်း နှင့် နှိုင်း ပြ သည် ။	G10	Upper Secondary
ဥပမာ အလင်္ကာ	ထို သို့ နှိုင်း ပြ သော အရာ ကို အ နှိုင်း ( ဥပမာ ) ဟု ခေါ် သည် ။ မေမေ နှင့် လပြည့်ဝန်း သည် မည် သည့် ဂုဏ် ချင်း တူ သနည်း ။ ကြည်လင် သော ဂုဏ် ချင်း တူ သည် ။ ထို " ကြည်လင် ခြင်း " ကို တူ သော ဂုဏ် ဟု ခေါ် သည် ။	G10	Upper Secondary
ဥပမာ အလင်္ကာ	မေမေ နှင့် လပြည့်ဝန်း တူ ကြောင်း မည် သည့် စကား က ပြ သနည်း ။ " ကဲ့သို့ " ဟူသော စကား က ပြ သည် ။ ထို စကား ကို အ နှိုင်း ပြ စကား ( ဥပမာ ဇော တ က ) ဟု ခေါ် သည် ။ " ကဲ့သို့ " သာ မ က " နှယ် ၊ သဖွယ် ၊ လို ၊ တူ ၊ အလားသဏ္ဌာန် " စ သည့် အ နှိုင်း ပြ စကား အမျိုးမျိုး ရှိ သေး သည် ။	G10	Upper Secondary
ဥပမာ အလင်္ကာ	ကဗျာ မှာ ဖြစ်စေ ၊ စကားပြေ မှာ ဖြစ်စေ တွေ့ ရ သော ဥပမာ အလင်္ကာ များ ကို နားလည် ပြီး နောက် ထို ဥပမာ အလင်္ကာ သည် သက်ဆိုင်ရာ ကဗျာ ၊ စကားပြေ တို့ ကို မည် သို့ မည် ပုံ အထောက်အကူပြု ကြောင်း ၊ မည် သို့ မည် ပုံ အား ဖြည့် ပေး ကြောင်း ကို ဆက်စပ် ကြည့် သင့် ပါ သေး သည် ။ သို့ မှ သာ ထို အလင်္ကာ ၏ ဂုဏ် သည် ထင်ရှား လာ ပါ လိမ့် မည် ဖြစ် သည် ။	G10	Upper Secondary
ရူပက အလင်္ကာ	ဥပမာ အလင်္ကာ နည်း တူ အသုံး တွင် ကျယ် သော အလင်္ကာ တစ် မျိုး မှာ ကား ရူပက အလင်္ကာ ဖြစ် သည် ။ စင်စစ် ရူပက အလင်္ကာ သည် ဥပမာ အလင်္ကာ နှင့် အခြေခံ သဘော ချင်း တူ သည် ။ ရူပက အလင်္ကာ တွင် လည်း ဥပမာ အလင်္ကာ ကဲ့သို့ ပင် အဓိက ဖော်ပြ လို သော အ နှိုင်း ခံ ( ဥပမေယျ ) နှင့် နှိုင်း ပြ သော ( ဥပမာ န ) တို့ ပါ ဝင် သည် ပင် ဖြစ် သည် ။ ထို အ နှိုင်း ခံ နှင့် အ နှိုင်း တို့ တွင် တူ သော ဂုဏ် တစ် ခု ခု ရှိ သည် သာ ဖြစ် သည် ။	G10	Upper Secondary
ရူပက အလင်္ကာ	သို့သော် ဥပမာ အလင်္ကာ မှာ ကဲ့သို့ အ နှိုင်း ခံ နှင့် အ နှိုင်း ကို နှစ် ခု မ ကွဲ စေ ဘဲ တစ် ခု တည်း ၊ တစ် သား တည်း ၊ တစ် ထပ် တည်း ဖြစ် အောင် ဖွဲ့စည်း ခြင်း ကား ရူပက အလင်္ကာ ၏ ထူးခြား ချက် ဖြစ် သည် ။ " ပညာ သည် ဆီမီး ကဲ့သို့ တထိန်ထိန် တ ညီး ညီး ထွန်းတောက် ၏ " ဟူသော ဝါကျ သည် ဥပမာ အလင်္ကာ ဝါကျ ဖြစ် သည် ။ ပညာ ( အ နှိုင်း ခံ ) နှင့် ဆီမီး ( အ နှိုင်း ) ထွန်းတောက် ခြင်း ( တူ သော ဂုဏ် ) ဟူသော ဉာဏ် တူ မှု ကို အခြေခံ ပြု ၍ ခိုင်းနှိုင်း ခြင်း ဖြစ် သည် ။ ထို သို့ မ ဆို ဘဲ " ပညာ ဆီမီး သည် တထိန်ထိန် တညီးညီး ထွန်းတောက် ၏ " ဟု ဆို လိုက် သောအခါ " ပညာ " နှင့် " ဆီမီး " သည် ကွဲပြား မ နေ တော့ ဘဲ တစ် သား တည်း ၊ တစ် ထပ် တည်း ဖြစ် သွား သည် ။ ဥပမာ အလင်္ကာ တွင် ပညာ နှင့် ဆီမီး သည် ဂုဏ် ချင်း တူ သော်လည်း ဒြပ်ဝတ္ထု ချင်း မ တူ ။ ရူပက အလင်္ကာ တွင် ကား ပညာ နှင့် ဆီမီး သည် ဂုဏ် ချင်း တူ သွား သည် ။ ဒြပ်ဝတ္ထု ချင်း လည်း တူ သွား သည် ။ ပညာ သည် ဆီမီး ၊ ဆီမီး သည် ပညာ တစ် သား တည်း ဖြစ် သွား သည် ။	G10	Upper Secondary
ရူပက အလင်္ကာ	ဥပမာ အလင်္ကာ တွင် ပညာ နှင့် ဆီမီး သည် တူ သည့် အဆင့် သာ ရှိ သည် ။ ရူပက အလင်္ကာ တွင် မူ ပညာ သည် ပင် ဆီမီး ဖြစ် သွား တော့ သည် ။ ဥပမာ အလင်္ကာ တွင် တူ ကြောင်း သာ ပြ သော်လည်း ရူပက အလင်္ကာ တွင် မူ တကယ် ဖြစ် နေ သကဲ့သို့ ပြ သည် ။ ထို့ကြောင့် ရူပက အလင်္ကာ က ပို ၍ ခွန်အား ရှိ သည် ဟု ဆို ကြ သည် ။	G10	Upper Secondary
ရူပက အလင်္ကာ	ရူပက အလင်္ကာ ကို လေ့လာ ရာ ၌ ရူပက အလင်္ကာ ဟု သိ ရုံ သာ မ က ထို အလင်္ကာ ၏ တန်ဖိုး ၊ ထို အလင်္ကာ ၏ နေ ရာ ကို ပါ ချင့် တွက် သုံးသပ် ရန် လို ပါ သည် ။ ကဗျာ တစ် ပုဒ် စကားပြေ တစ် ပုဒ် တွင် သုံး ထား သော ရူပက အလင်္ကာ တစ် ခု သည် အပို အဆင်တန်ဆာ သက်သက် မျှ မ ဟုတ် ပါ ။ ထို စကားပြေ ထဲ တွင် တစ် သား တည်း ပါ ဝင် ဖွဲ့ယှက် နေ သော အစိတ်အပိုင်း ဖြစ် ပါ သည် ။ ထို အလင်္ကာ ပါ ဝင် ဖွဲ့ယှက် နေ သည့် အတွက် ထို ကဗျာ ၊ ထို စကားပြေ မည် မျှ အသက် ဝင် သွား ပါ သနည်း ။ မည် မျှ ပေါ်လွင် ထင်ရှား သွား ရ ပါ သနည်း ။ မည် မျှ နှစ်သက် ဖွယ် ဖြစ် သွား ရ ပါ သနည်း ။ အချုပ် ဆို ရ လျှင် ရူပက အလင်္ကာ ကို သက်ဆိုင်ရာ ကဗျာ ၊ စကားပြေ မှ ဆွဲ ထုတ် ပြီး စိစစ် ကြည့် ရုံ သာ မ က သက်ဆိုင်ရာ ကဗျာ ၊ စကားပြေ နှင့် တစ် သား တည်း ဆက်စပ် ကြည့် ရန် လည်း လိုအပ် ပါ သည် ။	G10	Upper Secondary
အတိသယဝုတ္တိ အလင်္ကာ	အလင်္ကာ မျာ ကို အမျိုးအစား ခွဲ မည် ဆို လျှင် ယေဘုယျ အား ဖြင့် နှစ် မျိုး ခွဲ နိုင် ပါ သည် ။ တိုက်ရိုက် ဖွဲ့ သော အလင်္ကာ နှင့် သွယ်ဝိုက် ဖွဲ့ သော အလင်္ကာ ဟူ၍ ဖြစ် သည် ။ တိုက်ရိုက် ဖွဲ့ သော အလင်္ကာ သည် သဘာဝ အတိုင်း မုချ သဘော ကို ပြ ခြင်း ဖြစ် သည့် အတွက် သဘာဝ ဝုတ္တိ အလင်္ကာ ဟု ခေါ် သည် ။ တိုက်ရိုက် မ ဟုတ် ဘဲ သွယ်ဝိုက် ဖွဲ့ သော အလင်္ကာ ကို ဝင်္ကဝုတ္တိအလင်္ကာ ဟု ခေါ် သည် ။ အလင်္ကာ ကျမ်း များ တွင် ဝင်္ကဝုတ္တိအလင်္ကာ သုံး ဆယ့်ငါး မျိုး ဟူ၍ ခွဲခြား ပြ လေ့ ရှိ သည် ။ ဝင်္ကဝုတ္တိအလင်္ကာ မျိုး ခွဲ များ ထဲ မှ ကျောင်းသား များ သိ ဖို့ လိုအပ် သော အလင်္ကာ တစ် မျိုး မှာ အလွန် အကဲ ဖွဲ့ ဆို သော အလင်္ကာ ဖြစ် သည် ။ အတိသယဝုတ္တိ အလင်္ကာ ဟု ခေါ် ပါ သည် ။	G10	Upper Secondary
အတိသယဝုတ္တိ အလင်္ကာ	ဗုံကြီးသံ တစ် ပုဒ် တွင် ဗုံတီး သည့် ဗုံ တော် သား တစ် ယောက် က ကောက်စိုက်သမ ကလေး တစ် ယောက် ကို " ရွှေ နားတောင်း ကို လ ဗုံ ခေါင်း လောက် ဝတ် စေ မယ် " ဟု ပြော ဟန် ဖွဲ့ ထား သည် ။ ဗုံ ခေါင်း လောက် ကြီး သော နား တောင်း ကြီး ဝတ်ဆင် စေ့ မည် ဟု လွန်လွန်ကဲကဲ ဖွဲ့ ခြင်း ဖြစ် သည် ။ မြန်မာ စကား ပုံ များ ထဲ မှ " မာ လျှင် သံချောင်း ပျော့ လျှင် ဖယောင်း " ဟူသော စကား ပုံ မျိုး သည် အလားတူ ပင် ဖြစ် သည် ။	G10	Upper Secondary
အတိသယဝုတ္တိ အလင်္ကာ	ဖွဲ့စည်းပုံ အရ ဥပမာ အလင်္ကာ ၊ ရူပက အလင်္ကာ များ ဖြစ် ချင် ဖြစ် နေ ပါ စေ ။ လွန်လွန်ကဲကဲ ပြော သည့် သဘော က ထင်ရှား နေ လျှင် အတိသယဝုတ္တိ အလင်္ကာ ဟု ကောက်ယူ သင့် ပါ သည် ။ ဦးပုည က " စက္ကဝါ တင်း တောင်း " ဟု ဖွဲ့ ဖူး ပါ သည် ။ တင်း တောင်း နှင့် စကြဝဠာ ကို ထပ်တူ ပြု ထား ခြင်း ဖြစ် သည် ။ ရူပက အလင်္ကာ သဘော ကို ဆောင် ပါ သည် ။ သို့သော် တင်း တောင်း ကြီးမား ပုံ ကို လွန်လွန်ကဲကဲ ပြော ဆိုလိုရင်း ဖြစ် သည့် အတွက် အတိသယဝုတ္တိ အလင်္ကာ ဟု ပင် ကောက် သင့် ပါ သည် ။	G10	Upper Secondary
ဝင်္ကဝုတ္တိအလင်္ကာ	ဝင်္ကဝုတ္တိအလင်္ကာ ၏ နယ်ပယ် သည် ကျယ်ဝန်း လှ ပါ သည် ။ တိုက်ရိုက် မ ဆို ဘဲ သွယ်ဝိုက် ဆို ပုံ အမျိုးမျိုး ရှိ နိုင် ခြင်း ကြောင့် ဤ သို့ ကျယ်ဝန်း ခြင်း ဖြစ် ပါ သည် ။ ဤ နေ ရာ တွင် အရေးကြီး သော အချက် မှာ " သွယ်ဝိုက် ဖွဲ့ ဆို မှု " ပင် ဖြစ် သည် ။ မူလ က သွယ်ဝိုက် သော သဘော ရှိ ခဲ့ သော်လည်း နေ့စဉ် သုံး စကား ထဲ တွင် အသား ကျ အနည်ထိုင် နေ ပြီး သွယ်ဝိုက် သော သဘော မ သက်ရောက် တော့ ဘဲ တိုက်ရိုက် သဘော ဆောင် နေ သော စကား မျိုး ကို ဝင်္ကဝုတ္တိအလင်္ကာ ဟူ၍ ကောက်ယူ မိ လျှင် မ သင့် တော် ဘဲ ရှိ တတ် ပါ သည် ။ " စိတ်ညစ် " ဆို သော စကား သည် ညစ်နွမ်း တတ် သော အကောင်အထည် အရာဝတ္ထု ၏ သဘော ကို အကောင်အထည် မ ရှိ သော စိတ် ဆီ သို့ ပြောင်းရွှေ့ တင် စား ခြင်း ဖြစ် သဖြင့် မူလ က သွယ်ဝိုက် သော သဘော ဆောင် ခဲ့ ပါ လိမ့် မည် ။ သို့သော် ယခု ဆို သော " စိတ်ညစ် " ဟူသော စကား သည် နေ့စဉ် သုံး စကား ၊ တိုက်ရိုက် စကား ဖြစ် နေ ပြီ ဖြစ် သည် ။ ထို စကား မျိုး ကို ဝင်္ကဝုတ္တိအလင်္ကာ ဟု မ ကောက်ယူ သင့် ပါ ။	G10	Upper Secondary
မြည်သံစွဲ အလင်္ကာ	မြည်သံစွဲ အလင်္ကာ မှာ မူ ဝင်္ကဝုတ္တိအလင်္ကာ ၃၅ မျိုး တွင် မ ပါ ဝင် ပါ ။ ပါဠိ ဘာသာ တွင် " အနုကရဏ " သဒ္ဒါ ဟူ၍ ခေါ် ပါ သည် ။ " မိုး အုန်းအုန်း ၊ လေ တရွှန်းရွှန်း ၊ ဝုန်းဝုန်း မြေ သို့ လေ " စသည် တို့ ကဲ့သို့ မြည်သံ များ ထည့်သွင်း ဖွဲ့ ဆို သော အဖွဲ့ များ ဖြစ် ပါ သည် ။	G10	Upper Secondary
ရ သ	ရသ သည် ပါဠိ စကား ဖြစ် ပြီး အရ သာ ဟု မြန်မာ မှု ပြု ခဲ့ ကြ သည် ။ ယောမင်းကြီး ဦးဖိုးလှိုင် က ထို အရ သာ ၏ သဘော ကို ဖွင့် ဆို ရာ တွင် ပျားရည် ထောပတ် တို့ ကို စား သောအခါ နှစ်သက် သာယာ သကဲ့သို့ စိတ် ထဲ တွင် နှစ်သက် သာယာ သည့် သဘော ဖြစ် ကြောင်း ဥပမာ ပေး ၍ ဖွင့် ဆို ခဲ့ သည် ။ ပျားရည် ထောပတ် စား ရ သောအခါ လျှာ မှာ အရ သာ ပေါ် ပြီး နှစ်သက် သာယာ သွား သကဲ့သို့ စာပေ အရေး အဖွဲ့ တစ် ခု ကို ဖတ် လိုက် ရ သောအခါ စိတ် ထဲ မှာ နှစ်သက် သာယာ သွား ခြင်း သည် ရသ ၏ သဘော ပင် ဖြစ် သည် ။ စင်စစ် ရသ ဟူ သည် မှာ နှစ်သက် ခြင်း ပင် ဖြစ် သည် ။	G10	Upper Secondary
ရ သ	ရသ စာပေ ဟူ သည် မှာ ရသကိုး ပါး ရှိ သည့် အနက် အနည်းဆုံး ရသ တစ် ပါး ပါ သော စာ ဖြစ် သည် ။ ရသ စာပေ သည် စာဖတ် သူ တို့ အား ခံစား မှု ရသ တစ် မျိုး မျိုး ကို ပေး စွမ်း နိုင် သည် ။ စာပေ ရသ ကို	G10	Upper Secondary
ရသ	" ရသ စာပေ များ ၌ သာ ခံစား ရ နိုင် သည် ။ " ဟင်းခွက် တစ် ခွက် တွင် ဆား သည် အဓိက ဖြစ် သကဲ့သို့ ရသ စာပေ တွင် " ရသ " သည် အဓိက ဖြစ် သည် ။ ရသ ၉ ပါး တို့ မှာ - "	G10	Upper Secondary
ရသ	( ၁ ) ချစ် ခင် နှစ်သက် ခြင်း ကို ဖြစ်စေ သည့် သိင်္ဂါရ ရသ	G10	Upper Secondary
ရသ	( ၂ ) ရယ်မော ပျော်ရွှင် ခြင်း ကို ဖြစ်စေ သည့် ဟဿ	G10	Upper Secondary
ရသ	( ၃ ) သနား ခြင်း ကို ဖြစ်စေ သည့် ကရုဏာ ရသ	G10	Upper Secondary
ရသ	( ၄ ) ရက်စက်ကြမ်းကြုတ် ခြင်း ကို ဖြစ်စေ သည့် ရုဒ္ဒရသ	G10	Upper Secondary
ရသ	( ၅ ) ရဲရင့် တက်ကြွ ခြင်း ကို ဖြစ်စေ သည့် ဝီရရသ	G10	Upper Secondary
ရသ	( ၆ ) ထိတ်လန့် ကြောက်ရွံ့ ခြင်း ကို ဖြစ်စေ သည့် ဘယာနက ရသ	G10	Upper Secondary
ရသ	( ၇ ) စက်ဆုပ် ရွံရှာ ခြင်း ကို ဖြစ်စေ သည့် ဝိဘစ္ဆရသ	G10	Upper Secondary
ရသ	( ၈ ) အံ့ဩ ခြင်း ကို ဖြစ်စေ သည့် အဗ္ဗုတရသ	G10	Upper Secondary
ရသ	( ၉ ) ငြိမ်းအေး ကြည်နူး ခြင်း ကို ဖြစ်စေ သည့် သန္တရသ	G10	Upper Secondary
ရသ	တို့ ဖြစ် ပါ သည် ။	G10	Upper Secondary
သိင်္ဂါရ ရသ	စာ ထဲ ပေ ထဲ တွင် မောင် နှင့် မယ် တို့ ၏ ချစ် ခြင်း အကြောင်း ကို ဖွဲ့ ဆို ထား သော အဖွဲ့ တို့ သည် သိင်္ဂါရ ရသ ကို ဖြစ် ပေါ် စေ သည့် ခံစား မှု ကို ပေး စွမ်း နိုင် သော အဖွဲ့ များ ဖြစ် သည် ။ အမိ နှင့် သား ၊ မောင် နှင့် နှမ ၊ ဆရာ နှင့် တပည့် ကဲ့သို့ ၅၂၈ သွယ် မေတ္တာ ဘွဲ့ ကို ဖွဲ့ လျှင် ဝစ္ဆလ ရသ မြောက် သည် ဟူ၍ လည်း ကောင်း ၊ သဘာဝ ပတ်ဝန်းကျင် အလှ ဘွဲ့ များ ကို ဖွဲ့ လျှင် " သန္တ ရသ " မြောက် သည် ဟု လည်း ကောင်း အလင်္ကာ ကျမ်း များ တွင် ဖော်ပြ သည် ။	G10	Upper Secondary
ဟဿ ရသ	ပုံမှန် အပြုအမူ ၊ အပြောအဆို ၊ အတွေ့အကြုံ များ အတိုင်း မ ဟုတ် ဘဲ ပုံမှန် မ ဟုတ် သော အပြုအမူ ၊ အပြောအဆို ၊ အတွေ့အကြုံ များ အကြောင်း ကို စိတ်နှလုံး ရွှင်မြူး ဖွယ် ရေး သား ထား သော အဖွဲ့ တို့ မှာ ဟဿ ရသ ကို ဖြစ် ပေါ် ခံစား စေ သော အဖွဲ့ များ ဖြစ် ပါ သည် ။	G10	Upper Secondary
ကရုဏာ ရသ	အကြောင်းအရာ ၊ အဖြစ်အပျက် တစ် ရပ် ကို စာနာ သနား ဖွယ် ၊ ကြေကွဲ ဝမ်းနည်း ဖွယ် ၊ စိတ်နှလုံး ထိခိုက် ဖွယ် ဖြစ် အောင် ရေး သား ထား သော အဖွဲ့ သည် ကရုဏာ ရသ မြောက် အဖွဲ့ ဖြစ် ပါ သည် ။	G10	Upper Secondary
ဘယာနက ရသ	ထိတ်လန့် ကြောက်ရွံ့ ဖွယ် မြင်ကွင်း ၊ အဖြစ်အပျက် ၊ စိတ် အခြေအနေ စသည့် အကြောင်းအရာ တို့ ကို အသည်း တထိတ်ထိတ် ၊ ရင် တဖိုဖို ဖြစ် အောင် ၊ ကြောက် စရာ လန့် စရာ ကောင်း အောင် ရေး ဖွဲ့ ထား သော အဖွဲ့ တို့ သည် ဘယာနက ရသ မြောက် အဖွဲ့ များ ဖြစ် ပါ သည် ။	G10	Upper Secondary
ဝိဘစ္ဆ ရသ	စက်ဆုပ် ရွံရှာ ဖွယ် မြင်ကွင်း ၊ စက်ဆုပ် ရွံရှာ ဖွယ် ဇာတ်ကောင် တို့ ၏ ကိုယ် ၊ နှုတ် ၊ နှလုံး သုံး ပါး သော အမူအရာ များ ၊ ရွံရှာ ဖွယ် ချွဲ ၊ သလိပ် တို့ အကြောင်း ကို ရေး သား ထား သော အဖွဲ့ တို့ သည် ဝိဘစ္ဆ ရသ မြောက် အဖွဲ့ ဖြစ် ပါ သည် ။	G10	Upper Secondary
ရုဒ္ဒ ရသ	ကြမ်းကြုတ် ခက်ထန် စွာ ပြု မူ သော အပြုအမူ များ ၊ အပြောအဆို များ ၊ တိုက်ခိုက် လှုပ်ရှား မှု များ ကို ဖွဲ့ ဆို ထား သော အဖွဲ့ များ တို့ သည် ရုဒ္ဒ ရသ မြောက် သော အဖွဲ့ များ ဖြစ် သည် ။	G10	Upper Secondary
ဝီရ ရသ	လုံ့လ ဝီရိယ ကို အရင်းခံ ၍ တက်ကြွ စွာ အား ထုတ် ကြိုးပမ်း သော အပြုအမူ ရဲရဲဝံ့ဝံ့ ရင် ဆိုင် ပြု မူ သော အပြုအမူ တို့ ကို ရေး သား ထား သည့် အဖွဲ့ သည် ဝီရ ရသ မြောက် အဖွဲ့ ဖြစ် သည် ။	G10	Upper Secondary
အဗ္ဘုတ ရသ	သာမန် ဖြစ် ရိုး ဖြစ် စဉ် တို့ ထက် ကျော်လွန် ၍ အလွန်အမင်း အံ့ဩ ဖွယ် ဖြစ် အောင် အဆန်းတကြယ် ရေး သား ထား သော အဖွဲ့ တို့ သည် အဗ္ဘုတ ရသ မြောက် အဖွဲ့ များ ဖြစ် သည် ။	G10	Upper Secondary
သန္တ ရသ	လောကုတ္တရာ နှင့် ဆိုင် သော တည်ငြိမ် အေးချမ်း သည့် အကြောင်းအရာ ၊ အဖြစ်အပျက် နှင့် သဘာဝ ပတ်ဝန်းကျင် ၏ သာယာ လွမ်းမော ဖွယ် မြင်ကွင်း တို့ သည် စိတ် အေး ငြိမ်း သာယာ မှု ကို ပေး စွမ်း သည့် သန္တ ရသ မြောက် အဖွဲ့ များ ဖြစ် သည် ။	G10	Upper Secondary
ရသ	စာပေ အဖွဲ့အနွဲ့ တို့ မှ " ရသ " ကို ကောက်ယူ ရာ တွင် " ဂုဏ် ၊ အလင်္ကာ " တို့ ကို ဖော်ထုတ် သကဲ့သို့ " စကား အသုံးအနှုန်း " ၊ " အနက် အဓိပ္ပာယ် " ၊ " အချက်အလက် " တို့ အပေါ် မူတည် ၍ ကောက်ယူ ၍ မ ရ ဘဲ စာဖတ် သူ တို့ ၏ စိတ် အခြေအနေ ပေါ် မူတည် ၍ သာ ရသ ကို ကောက်ယူ ရ ခြင်း ဖြစ် သည် ။ စာပေ တစ် ရပ် ကို ဖတ်ရှု ခံစား ပြီး နောက် စိတ် ထဲ ၌ နှစ်သက် သာယာ သွား လျှင် ထို အဖွဲ့ ကို ရသ မြောက် အဖွဲ့ ဟု သတ်မှတ် ပါ သည် ။ " ရသ " သည် ဖတ်ရှု သူ ၏ စိတ် အခြေအနေ ကို လိုက် ၍ အမျိုးမျိုး ကွဲပြား နိုင် ပါ သည် ။ ထို့ကြောင့် စာပေ အဖွဲ့အနွဲ့ တစ် ရပ် မှ " ရသ " မြောက် အဖွဲ့ များ ဖော်ထုတ် လေ့လာ ခြင်း သည် သိမ်မွေ့ ခက်ခဲ သည် ဟု ဆို ချင် ပါ သည် ။	G10	Upper Secondary
လေ့ကျင့် ရန် မေးခွန်း များ	၁ ။ အလင်္ကာ ၅ မျိုး ၏ အမည် ကို ဖော်ပြ ပါ ။	G10	Upper Secondary
လေ့ကျင့် ရန် မေးခွန်း များ	၂ ။ ဥပမာ အလင်္ကာ နှင့် ရူပက အလင်္ကာ တို့ သည် မည် သို့ ကွာခြား သနည်း ။	G10	Upper Secondary
လေ့ကျင့် ရန် မေးခွန်း များ	၃ ။ ဝင်္ကဝုတ္တိအလင်္ကာ နှင့် အတိသယဝုတ္တိ အလင်္ကာ တို့ သည် မည် သို့ ကွာခြား သနည်း ။	G10	Upper Secondary
လေ့ကျင့် ရန် မေးခွန်း များ	၄ ။ အလင်္ကာ ၅ မျိုး ကို အဖတ်အရွတ် သင်ခန်းစာ မှ စကားပြေ ကဗျာ များ ပါ အရေးအသား များ ဖြင့် သာဓက ပြ ပါ ။	G10	Upper Secondary
လေ့ကျင့် ရန် မေးခွန်း များ	၅ ။ အလင်္ကာ မြောက် သော အရေး အဖွဲ့ များ ကို သင် ၏ ကိုယ်ပိုင် စိတ်ကူး ဉာဏ် ဖြင့် ဖန်တီး ရေး သား ပါ ။ မည် သည့် အလင်္ကာ မြောက် ကြောင်း ကို လည်း ဖော်ပြ ပါ ။	G10	Upper Secondary
လေ့ကျင့် ရန် မေးခွန်း များ	၆ ။ ရသ အမျိုးအစား အရေအတွက် နှင့် အမည် များ ကို ဖော်ပြ ပါ ။	G10	Upper Secondary
လေ့ကျင့် ရန် မေးခွန်း များ	၇ ။ ကဗျာ နှင့် စကားပြေ ကို လေ့လာ ဖတ်ရှု သည့် အခါ မည် သည့် စာ က ရသ ခံစား မှု ကို ပိုမို ဖြစ် ပေါ် စေ သည် ဟု သင် ထင် မြင် ယူဆ ပါ သနည်း ။	G10	Upper Secondary
လက်ဆောင်	မ ဝယ် ဘူး မယ် ခူး တဲ့ ဖက် စို ။ မီး မ ကူ နေ ပူ မှာ မ ကင် အား တာ ကြောင့် ထား ရ တယ် အိပ်ရာ အောက် မှာ မင်း သောက် ဖို့ ကို ။ ညှာ အနား ရှေ့ သွား နှင့် ကိုက် လို့ တို မ ချို တောင့် လိပ် ဆေး ။ ပိုး မ ကူ ဝါ ချည် ဖြူ တစ် ပင် ရစ် ကယ် နှင့် ငယ် ချစ် မောင် ရွှေဝ သွား ကို ပါး လိုက် တဲ့ ကလေး ။ ။ ၁၉ ရာ စု မယ် ခွေ	G10	Upper Secondary
ခက်ဆစ် အဖွင့်	၁ ။ ပါး = လက်ဆောင်	G10	Upper Secondary
သင်ခန်းစာ ဆိုလိုရင်း	ချစ် သူ မောင် သောက် ရန် အတွက် ကိုယ်တိုင် ပြုလုပ် သော ဆေးလိပ် တွင် မိန်းမပျို လေး ၏ ချစ် ခြင်း မေတ္တာ များ ပါ ဝင် နေ ပုံ ကို ဖွဲ့ ဆို ထား ပါ သည် ။	G10	Upper Secondary
လေ့ကျင့်ခန်း မေးခွန်း များ	၁ ။ မိန်းမပျို လေး သည် ချစ် သူ အားပေး မည့် လက်ဆောင် ကို မည် သို့ ဖန်တီး ပြုလုပ် ခဲ့ သနည်း ။	G10	Upper Secondary
လေ့ကျင့်ခန်း မေးခွန်း များ	၂ ။ လက်ဆောင် ကဗျာ တွင် တွေ့ ရ သော မိန်းမပျို လေး ၏ ချစ် သူ မောင် အပေါ် ထား ရှိ သည့် စေတနာ မေတ္တာ ကို ချီးကျူး ရေး သား ပါ ။	G10	Upper Secondary
လေ့ကျင့်ခန်း မေးခွန်း များ	၃ ။ " မီး မ ကူ နေ ပူ မှာ မ ကင် အား " ဟူသော စကား ကို သင် မည် သို့ နားလည် သနည်း ။	G10	Upper Secondary
လေ့ကျင့်ခန်း မေးခွန်း များ	၄ ။ လက်ဆောင် ကဗျာ မှ မည် သည့် ရသ များ ကို ခံစား ရ သနည်း ။	G10	Upper Secondary
လေ့ကျင့်ခန်း မေးခွန်း များ	၅ ။ လက်ဆောင် ကဗျာ ၏ အသံ ချိုသာ မှူ ကို သင် နှစ်သက် ပါ သလား ။ သင့် ထင် မြင် ချက် ကို ရှင်းပြ ပါ ။	G10	Upper Secondary
ကောက်စိုက် ဗုံကြီးသံ	ဗုံ တော် သား ( ကုန်းဘောင် ခေတ် ) " မောင့် ဗုံသံ အစာ ကောင်း လို့ " အစချီ သော ဤ ကဗျာ သည် ကုန်းဘောင် ခေတ် တွင် ပေါ်ပေါက် ခဲ့ သည့် ကဗျာ တစ် ပုဒ် ဖြစ် သည် ။	G10	Upper Secondary
ကောက်စိုက် ဗုံကြီးသံ	ဗုံကြီးသံ များ သည် ကုန်းဘောင် ခေတ် ဦး လောက် က စတင် ၍ လယ်ကွင်း ထဲ တွင် ပေါ်ပေါက် ခဲ့ ကြ သည် ။ ကုန်းဘောင် ခေတ် တစ် လျှောက် လုံး လယ်ကွင်း များ တွင် ကောက်စိုက် ဗုံကြီးသံ များ ပျံ့လွင့် ခဲ့ သည် ။ လယ်ကွင်း ထဲ က လယ်သမား များ ကိုယ်တိုင် သီကျူး ခဲ့ ကြ သော တေး များ ဖြစ် သော ကြောင့် ဗုံကြီးသံ များ သည် လယ်သမား များ ၏ ဘဝ ကို ထင်ဟပ် သည် ။ ထို့ကြောင့် ဗုံကြီးသံ များ ကို ပြည်သူ့ တေးသံ များ အဖြစ် တန်ဖိုး ထား ကြ သည် ။	G10	Upper Secondary
ကောက်စိုက် ဗုံကြီးသံ	ဗုံကြီးသံ များ ကို ဗုံ ကြီး အတီး နှင့် တွဲဖက် ၍ သီဆို ကြ သည် ။ ဆို သောအခါ တစ် ပုဒ် စီ ၏ အဆုံး ၌ အများအားဖြင့် " လေ့ " ထည့် ၍ ဆို လေ့ ရှိ သည် ။ အဖွဲ့ ပုံစံ မှာ ဒွေးချိုး ၊ လေး ချိုး တို့ နှင့် ဆင်ဆင်တူ သည် ။ တစ် လံ လောက် ရှည် သော ဗုံ ကြီး နှစ် လုံး ကို တီး သူ တို့ က တီး လျက် ဆို ကြ က ကြ သည် ကို ဗုံ ပွဲ ဟု ခေါ် သည် ။ ဗုံ ပွဲ တွင် ဗုံ ကြီး ကို လွယ် ၍ တီး သူ အမျိုးသား နှစ် ယောက် ၊ လင်း ကွင်း တီး သူ အမျိုးသား တစ် ယောက် ၊ ဆို ရင်း က သူ အမျိုးသမီး တစ် ယောက် အနည်းဆုံး လူ လေး ယောက် ပါ ဝင် သည် ။ လင်း ကွင်း တီး သူ မှာ ဗုံ မင်း သား ( ဗုံ သည် ) ဖြစ် ၍ လင်း ကွင်း ကို က ဟန် က ကွက် နှင့် တီး ရင်း ဗုံ မင်း သမီး နှင့် အပြန်အလှန် စောင်းချိတ် သီဆို သည် ။ အချို့ ဗုံ ပွဲ တွင် နှဲမှုတ် သူ နှင့် ဝါးလက်ခုပ်တီး သူ တို့ တိုးချဲ့ ပါ ဝင် သည် ။ ဝါး လက် က ဟန် ကို တုပ ၍ အပြောင်အပြက် က ပြ သူ ဖြစ် သည် ။	G10	Upper Secondary
ကောက်စိုက် ဗုံကြီးသံ	ဗုံကြီးသံ ကို အလှူ မင်္ဂလာ ဘာသာ ရေး ပွဲ များ တွင် တီးမှုတ် သီဆို လေ့ ရှိ သည် ။ ကောက်စိုက် ရာ တွင် လည်း တီးမှုတ် သီဆို ကြ သည် ။ ကောက်စိုက် ဗုံကြီးသံ တို့ သည် ရှင် ဘုရင် ၏ လယ်ထွန် မင်္ဂလာ ပွဲ များ တွင် လည်း တွင် ကျယ် ခဲ့ သည် ။	G10	Upper Secondary
ကောက်စိုက် ဗုံကြီးသံ	ယနေ့ အခါ တွင် ဗုံကြီးသံ များ ကို ရွှေဘို မြောက် လက် အချို့ နေ ရာ တို့ ၌ ကြား ရ ဆဲ ဖြစ် သည် ။	G10	Upper Secondary
ဗုံ တော် သား	မောင့် ဗုံသံ အစာ ကောင်း လို့ မောင်း သံ လို ဟည်း ချစ် ကြိုး သီ တဲ့ ပင် ကို လှ ရယ် မင်း ကြွ ခဲ့ ဦး ။ ဗုံ ပွဲ ကို တဲ့ ရှု မယ် လာ ကိုက် ဗျာ ဆံရှည် ပါ လှ တယ် သား များ မေ လား ။ သား များ မအေ တကယ် လေ ဗုံ တော် သား ရဲ ပါ့ မ လား ။ ဗုံ ပွဲ ကို တဲ့ ရှူ လှည့် ပါ ပြတင်း ရယ် လေသာပေါက် က မေး ထောက် လို့ မှာ ၊ မယ် မ လာ လိပ်ပြာ ကို စေ တဲ့ လား ကွယ် ဘုန်း မယ့် ကိုယ် စား ။ ချစ် ပါ တဲ့ ကြိုက် ပါ လူပျို တွေ လယ် ကန်တင်း က ပျင်း နေ့ တိုင်း လာ ။ မ ချစ် သာ လို့ နေ ပါ သေး တယ် မ ကြိုက် သာ လို့ နေ ပါ သေး တယ် နှမ လေး ကိုယ် မ အား တယ် ရဲ စား နဲ့ လေး ။ ရွှေ နား တောင်း ကို လ ဗုံ ခေါင်း လောက် ဝတ် စေ့ မယ် ။ ဗုံ ကြီး သည် လိမ်လည် လှည့် နား ချဲ့ မိ တယ် ။	G10	Upper Secondary
ဗုံ တော် သား	မေး ပါ နဲ့ ဟယ် ရွှေ ကို ကွယ် မ ဆို ထား နဲ့ ငွေ ကို ကွယ် မ ဆို ထား နဲ့ သူ့ နား မှာ ရွှေ ပေရွက် ကို ပေး ရက် တဲ့ လား ။ လုပ် ရ တယ် တဲ့ ကိုင် ရ တယ် မောင်ကြီး ထွန် ကို ဖြုတ် လျှင် ပျိုးနုတ် ရ တယ် ။ လုပ်ငန်း ရယ် တဲ့ မ တွင် သာ နွားပြာ ပိန် ချို လိမ် ကော့ က အားပျော့ လို့ ဗျာ ။ ထမင်း က ညံ့ လိုက် တာ မ သေ ရုံ ချဉ်ပေါင်ဟင်း တင်း မျို ရ ရှာ ။ ထွာ နံငယ် ခမောက် စုတ် နဲ့ လူ လုပ် ကယ် တဲ့ ညံ့ လိုက် တာ ဆိုး တဲ့ ကံ ဟာ ။ မိုး မ ရွာ မြေ သာ ကွဲ လို့ ခနွှဲ နဲ့ ရေ ကို တင် ပန်း တဲ့ ဖြစ် အင် ။ ကောက်တီ နဲ့ မယ်စော ရောနှော လို့ ပျိုးထောင် မိုး လေ က ခေါင် ။ သည် ပျိုး ရယ် ရေ အောင် မှ မယ် နဲ့ မောင် အလှူ ပေး ရ မယ် မိုး ကူ ပါ့ လေး ။ ၁၉ ရာစု အမည် မ သိ ရှေး စာ ဆို ။	G10	Upper Secondary
ခက်ဆစ် အဖွင့်	၁ ။ ကောက် တီ = တပေါင်း လ အကုန် တွင် စိုက်ပျိုး ရ သော မု ရင်း စပါး တစ် မျိုး ။	G10	Upper Secondary
ခက်ဆစ် အဖွင့်	၂ ။ ကိုက် ဗျာ ဆံ = နားရွက် နှစ် ဖက် နောက် သို့ သိမ်း စု ၍ နားရွက် အောက် မှ ရှေ့ သို့ ပြန် ၍ အဖျား ကော့ ထွက် ထား သော ဗျာ ပါ ဆံ ၊ ဆံပင် စု ။	G10	Upper Secondary
ခက်ဆစ် အဖွင့်	၃ ။ ကိုယ် မ အား = သက်ဆိုင် သူ ရှိ ပြီး သား ။	G10	Upper Secondary
ခက်ဆစ် အဖွင့်	၄ ။ ခနွှဲ = လယ် ထဲ သို့ ရေ သွင်း ရာ တွင် အသုံးပြု ရ သော အရိုး ရှည် တပ် ပက် ခွက် ။	G10	Upper Secondary
ခက်ဆစ် အဖွင့်	၅ ။ ချို လိမ် ကော့ = ကော့ လိမ် နေ သော ဦး ချို ရှိ သည့် နွား ။	G10	Upper Secondary
ခက်ဆစ် အဖွင့်	၆ ။ ထွာ နံ ငယ် = တစ် ထွာ ခန့် ရှိ သော နံ ငယ် ပိုင်း ။	G10	Upper Secondary
ခက်ဆစ် အဖွင့်	၇ ။ ထွန် ကို ဖြုတ် = ထွန် မှ နွား ကို ဖြုတ် သည် ။ အလုပ် နား သည် ။	G10	Upper Secondary
ခက်ဆစ် အဖွင့်	၈ ။ ပျိုးထောင် = မျိုးစေ့ ကို ပျိုးပင် အဖြစ် ရောက် အောင် စတင် စိုက် သည် ။	G10	Upper Secondary
ခက်ဆစ် အဖွင့်	၉ ။ ဗုံတော် သား = ဗုံ သမား ။	G10	Upper Secondary
ခက်ဆစ် အဖွင့်	၁၀ ။ မယ် စော = ကောက် လတ် စပါး တစ် မျိုး ။	G10	Upper Secondary
ခက်ဆစ် အဖွင့်	၁၁ ။ ရဲ စား = ရည်းစား ။	G10	Upper Secondary
ခက်ဆစ် အဖွင့်	၁၂ ။ ရွှေ ပေ ရွက် = နား ပေါက် တွင် ပန်ဆင် ရ သော ပေ ရွက်လိပ် ။	G10	Upper Secondary
ခက်ဆစ် အဖွင့်	၁၃ ။ ရွှေဘို မြောက် လက် = ရွှေဘို ခရိုင် မြောက် ဘက် အစွန် ရှိ ရွာ က လေး များ ကို ခေါ် သော အမည် ။	G10	Upper Secondary
ခက်ဆစ် အဖွင့်	၁၄ ။ သား များ မ အေ = သား များ စွာ တို့ ၏ မိခင် ။	G10	Upper Secondary
ခက်ဆစ် အဖွင့်	၁၅ ။ ဟည်း = မြည်ဟိန်း သည် ။	G10	Upper Secondary
ခက်ဆစ် အဖွင့်	၁၆ ။ အစာ = ပတ် စာ ။ ဗုံ များ အသံ သာ စေ ရန် နှင့် သံစဉ် ညီ စေ ရန် ဗုံ မျက်နှာပြင် တွင် ထပ် ပိုး ကပ် ရ သော ထမင်း နှင့် ပြာနု စသည် နယ် ထား သည့် အရာ ။	G10	Upper Secondary
သင်ခန်းစာ ဆိုလိုရင်း	ကုန်းဘောင် ခေတ် ကျေးလက် ရိုးရာ ဗုံ ပွဲ ကျင်းပ ရာ တွင် ဗုံ တော် သား နှင့် ကောက်စိုက်သမ များ ၏ အ စောင်း အချိတ် ၊ ဟာသ များ နှင့် ကျေးလက် နေ လယ်သမား တို့ ၏ ဘဝ ကို ထင်ဟပ် ပြ ကာ ကုန်းဘောင် ခေတ် လူ မှု ဆက်ဆံ ရေး ကို ဖော်ပြ ထား သည် ။	G10	Upper Secondary
လေ့ကျင့် ရန် မေးခွန်း များ	၁ ။ " မောင့် ဗုံသံ အစာ ကောင်း လို့ မှ ပေး ရက် ကဲ့ လား " အထိ ပါ ဝင် သည့် အကြောင်းအရာ ၏ ခေါင်းစဉ် ကို သင် မည် သို့ အမည် ပေး ချင် သနည်း ။ အဘယ် ကြောင့် နည်း ။	G10	Upper Secondary
လေ့ကျင့် ရန် မေးခွန်း များ	၂ ။ " လုပ် ရ တယ် တဲ့ ကိုင် ရ တယ် မှ မိုး ကူ ပါ့ လေး " အထိ ပါ ဝင် သည့် အကြောင်းအရာ ၏ ခေါင်းစဉ် ကို သင် မည် သို့ အမည် ပေး ချင် သနည်း ။ အဘယ် ကြောင့် နည်း ။	G10	Upper Secondary
လေ့ကျင့် ရန် မေးခွန်း များ	၃ ။ လေ့ကျင့် ရန် မေးခွန်း များ ကဗျာ မှ လယ်သမား တို့ ၏ ဆင်းရဲ ပင်ပန်း သော ဘဝ သရုပ် ကို ဖော်ထုတ် တင်ပြ ပါ ။	G10	Upper Secondary
လေ့ကျင့် ရန် မေးခွန်း များ	၄ ။ လယ်သမား တို့ သည် ဆင်းရဲ သော်လည်း ဘဝ မျှော်လင့် ချက် ထား ရှိ သေး ပါ သလား ။ ကဗျာ ပါ မည် သည့် အထောက်အထား ကို ကိုး ကား ၍ ဖြေ ဆို မည် နည်း ။	G10	Upper Secondary
လေ့ကျင့် ရန် မေးခွန်း များ	၅ ။ ဗုံ တော် သား ကဗျာ ကို ဖတ် ပြီး မည် သို့ ခံစား မိ သနည်း ။	G10	Upper Secondary
အင်းလေး တိုက် တေး	အင်း လယ် က ရွှေ ကြာပန်း ( ကုန်းဘောင် ခေတ် နှောင်း နှင့် ကိုလိုနီခေတ် ဦး ) " အင်း လယ် က ရွှေ ကြာပန်း " ကဗျာ စု သည် မောင် တင် မြိုင် ( အင်းလေး ) စုဆောင်း သည့် " အင်းလေး တိုက် တေး ကဗျာ များ " စာအုပ် မှ ရွေးချယ် ကောက်နုတ် ထား သော ကဗျာ အချို့ ဖြစ် ပါ သည် ။	G10	Upper Secondary
အင်းလေး တိုက် တေး	အင်းလေး ဒေသ တွင် လူငယ် မောင် မယ် တို့ သည် မျက်နှာချင်းဆိုင် ၍ တေး ကဗျာ များ ကို အပြိုင်အဆိုင် ရွတ်ဆို ကြ သော အစဉ်အလာ ရှိ သည် ။ ဤ သို့ ရွတ်ဆို ကြ သော တေး များ ကို " တိုက် တေး " သို့မဟုတ် " ချိုး တေး " ဟု ခေါ် သည် ။ တိုက် တေး များ ကို တြိ ချိုး ၊ လေး ချိုး ပုံစံ များ ဖြင့် ပင် ဖွဲ့ ဆို လေ့ ရှိ ကြ သည် ။ ဒုတိယ ကမ္ဘာ စစ် ဖြစ် သောအခါ တွင် ထို ဓလေ့ မှေးမှိန် သွား ခဲ့ သည် ဟု သိ ရ သည် ။	G10	Upper Secondary
အင်းလေး တိုက် တေး	အင်းလေး တိုက် တေး တို့ သည် ကျေးလက် ရိုးရာ တေး များ ဖြစ် သည့် အလျှောက် ရေး သူ အမည် မ ထင်ရှား ။ တေး တိုက်ပွဲ တွင် ဉာဏ်ရွှင် သော မောင် မယ် တို့ အပြန်အလှန် လက် တန်း ရွတ်ဆို ကြ သော တေး များ သာ ဖြစ် သည် ။ ထို တေး များ ကို အစဉ်အဆက် နှုတ် တက် ဆောင် ကာ လက်ဆင့်ကမ်း လာ ခဲ့ ကြ သည် ။	G10	Upper Secondary
အင်းလေး တိုက် တေး	အင်းလေး ဒေသ က မောင် မယ် တို့ သည် ပင်ပန်း လှ သော လယ်ယာ လုပ်ငန်း တွင် တစ် မိုးတွင်း လုံး ကိုယ် ရော စိတ် ပါ နှစ် မြှုပ် လုပ်ကိုင် ခဲ့ ကြ ရ သမျှ လုပ်ငန်း သိမ်း သောအခါ တေး တိုက်ပွဲ ကို ပျော်ရွှင် စွာ ဆင်နွှဲ ကြ သည် ။ စပါး ရိတ်သိမ်း ပြီး ချိန် သီတင်းကျွတ် ၊ တန်ဆောင်မုန်း လ များ တွင် တိမ်မြူ ကင်းစင် ၍ လ ရောင် ထွန်းလင်း သည့် အင်းလေးကန် ထဲ တွင် ကြာပန်း များ လည်း ဖွေးဖွေးလှုပ် အောင် ပွင့် နေ ကြ သည် ။ ဤ အခါ မျိုး တွင် အင်းလေး မောင် မယ် တို့ သည် တစ် ရွာ နှင့် တစ် ရွာ အချိန်းအချက် ပြု ၍ တေး တိုက်ပွဲ ဆင်နွှဲ ကြ သည် ။ အထူးသဖြင့် ဘုရား ပွဲတော် များ တွင် တေး တိုက်ပွဲ မ ပါ လျှင် မ ပြီး ချေ ။	G10	Upper Secondary
အင်းလေး တိုက် တေး	တေး တိုက်ပွဲ ဆင်နွှဲ သောအခါ လုံမပျို တို့ က အိမ် ပေါ် မှာ နေ ရာ ယူ ကြ သည် ။ လုလင်ပျို တို့ က လှေ ပေါ် မှာ နေ ရာ ယူ ကြ သည် ။ ပွဲ လာ ပရိသတ် သည် လ သာ သာ ကန်ရေပြင် ထက် လှေ ပေါ် က နားဆင် ကြ သည် ။ တေး တိုက်ပွဲ ကို ည လုံး ပေါက် ဆင်နွှဲ လေ့ ရှိ ကြ သည် ။ အပြိုင်အဆိုင် ရွတ်ဆို ကြ ရာ တွင် တုံ့ပြန် ၍ တေး မ ချိုး နိုင် သော ဘက် က ရှုံး ရ သည် ။	G10	Upper Secondary
အင်း လယ် က ရွှေ ကြာပန်း	မောင် ။ ။ သည် မောင် ကို ရ မ လား လို့ တစ် ည များ တစ် ခါ နှစ် ခါ လိမ်း တဲ့ နံ့သာ ။ မောင် မ လာ ၊ နံ့သာ တဲ့ အရှုံး ။ ပါး ပေါ် မှာ နံ့သာ စက် ကို လ ( မ ကြီး ရယ် ) ညည်း ရှက် ပါ အုံး ။	G10	Upper Secondary
အင်း လယ် က ရွှေ ကြာပန်း	မယ် ။ ။ သည် မယ် ကို ရ မ လား လို့ အင်္ကျီ များ တစ် ထေနှစ်ထေ ။ လဲလှယ် လို့ နေ ။ လဲ လို့ သာ နေ မယ့် ကို လေ ရ ဘဲ ။ ရွှေ အင်း တိမ် ကန် တော် ပွဲ မှာ ( မောင် ကြီး ရယ် ) ကြွေး တွေ က ဝဲ ။	G10	Upper Secondary
အင်း လယ် က ရွှေ ကြာပန်း	မောင် ။ ။ အင်း လယ် မှာ ရွှေ ကြာပန်း ကြာပန်း လေ နှစ် ပွင့် ဆိုင် ။ ခူး မယ် လို့ ကိုင် ၊ မ ပိုင် တဲ့ မောင် က ။ အင်း လယ် မှာ ရွှေ ကြာပန်း ( မ ကြီး ရယ် ) လှမ်း လို့ မ ရ ။	G10	Upper Secondary
အင်း လယ် က ရွှေ ကြာပန်း	မယ် ။ ။ ပန် ပါ တဲ့ ပန် ပါ ။ အရှေ့ လေ တောင် ပေါ် ထိပ် ပန်း ရွှေ လိပ်ပြာ ။ ပန် ကြ ပါ ၊ ရွာ သူ မို့ ရပ် သား ။ ပန်း လိပ်ပြာ သည် တောင်ကုန်း မှာ ( မောင် ကြီး ရယ် ) ဖုန်း စိုက် လို့ ထား ။ ၂၀ ရာ စု အမည် မ သိ စာ ဆို	G10	Upper Secondary
ခက်ဆစ် အဖွင့်	၁ ။ တစ် ထေနှစ်ထေ = တစ် ထည် နှစ် ထည် ။	G10	Upper Secondary
ခက်ဆစ် အဖွင့်	၂ ။ ရွှေ အင်း တိမ် = အင်းလေး ဒေသ ရှိ အင်း တိမ် ရွာ ။	G10	Upper Secondary
သင်ခန်းစာ ဆိုလိုရင်း	အင်းလေး ဒေသ တွင် တေး တိုက်ပွဲ ၌ မောင် မယ် တို့ တိုက် တေး ဆို ကြ ပုံ ၊ အပြန်အလှန် စောင်းချိတ် သီဆို ပုံ ၊ ပျော်ရွှင် စရာ ကောင်း ပုံ ၊ ပွဲတော် ကျင်းပ လေ့ ရှိ ပုံ တို့ ကို ရေး ဖွဲ့ ထား သည် ။	G10	Upper Secondary
လေ့ကျင့် ရန် မေးခွန်း များ	၁ ။ အင်း လယ် က ရွှေ ကြာပန်း ကဗျာ တွင် မောင် က မည် သို့ တေး တိုက် ၍ မယ် က မည် သို့ ချေပ သနည်း ။	G10	Upper Secondary
လေ့ကျင့် ရန် မေးခွန်း များ	၂ ။ အင်းလေး တိုက် တေး ရွတ်ဆို သူ များ ၏ ဖြတ်ထိုးဉာဏ် ရှိ ပုံ ကို အင်း လယ် က ရွှေ ကြာပန်း ကဗျာ လာ အကိုးအကား များ ဖြင့် ရေး ပါ ။	G10	Upper Secondary
လေ့ကျင့် ရန် မေးခွန်း များ	၃ ။ " ပန်း လိပ်ပြာ သည် တောင်ကုန်း မှာ ၊ ( မောင် ကြီး ရယ် ) ဖုန်း စိုက် လို့ ထား ဟူသော စကား ၏ အဓိပ္ပာယ် ကို သင် နားလည် သလို ရှင်းပြ ပါ ။	G10	Upper Secondary
လေ့ကျင့် ရန် မေးခွန်း များ	၄ ။ အင်း လယ် က ရွှေ ကြာပန်း ကဗျာ ကို ဖတ်ရှု နားထောင် ပြီး နောက် မည် သည့် ရသ ကို မည် သို့ ခံစား ရ သနည်း ။	G10	Upper Secondary
လေ့ကျင့် ရန် မေးခွန်း များ	၅ ။ အင်း လယ် က ရွှေ ကြာပန်း ကဗျာ မှ အင်းလေး ဒေသ ၏ တိုက် တေး ယဉ်ကျေး မှု ဓလေ့ အကြောင်း ကို ရှင်းပြ ပါ ။	G10	Upper Secondary
လေး ဆစ်	ပတ္တမြား ရွှေ ဂူ ( ကိုလိုနီခေတ် ) " ပြစ် မ ရှိ ပြစ် ရှာ " အစချီ ကဗျာ သည် ကိုလိုနီခေတ် ရဟန်း စာ ဆို " မန်လည် ဆရာတော် " စပ် ဆို ခဲ့ သော ကဗျာ တစ် ပုဒ် ဖြစ် သည် ။	G10	Upper Secondary
လေး ဆစ်	မန်လည် ဆရာတော် ၏ ငယ် မည် သည် မောင် မာ ဖြစ် ၍ ဘွဲ့ တော် မှာ ဦး ဇဝန ဖြစ် သည် ။ " မာန် မ လုပ် ချင် ဘု ၊ မာန် လုပ် လျှင် လွယ် သည် သာ ပ ၊ ငယ် မည် မှာ န ကို သတ် ရုံ ပဲ " ဟု ကိုယ် တော် တိုင် ရေး ဖွဲ့ ခဲ့ ဖူး သည် ။	G10	Upper Secondary
လေး ဆစ်	မန်လည် ဆရာတော် ကို ကုန်းဘောင် ခေတ် နောက်ပိုင်း မြန် နာ သက္ကရာဇ် ၁၂၀၃ ခုနှစ် (ခရစ်နှစ် ၁၈၄၂ ခုနှစ် ) တွင် မန်လည် ရွာ ၌ ဖွားမြင် ခဲ့ သည် ။ ဆရာတော် သည် ပိဋကတ် စာပေ ၊ သက္ကတ စာပေ နှင့် ကဗျာ လင်္ကာ တို့ ကို ကျွမ်းကျင် တတ် မြောက် သည် ။ ကျမ်း ပေါင်း များ စွာ ပြုစု သည့် အတွက် အဂ္ဂမဟာပဏ္ဍိတ ဘွဲ့ တံဆိပ် ရ သည် ။ မြန်မာ သက္ကရာဇ် ၁၂၈၂ ခု		
နှစ် ဝါ ဆို လ (ခရစ်နှစ် ၁၉၂ဝ ပြည့် နှစ် ) တွင် ပျံလွန်တော်မူ သည် ။	နှစ် ဝါ ဆို လ (ခရစ်နှစ် ၁၉၂ဝ ပြည့် နှစ် ) တွင် ပျံလွန်တော်မူ သည် ။	Upper Secondary	
လေး ဆစ်	မန်လည် ဆရာတော် သည် လောကီ လောကုတ္တရာ ဗဟုသုတ စုံလင် လှ သော မ ဟာ သုတ ကာ ရီ မ ဃ ဒေဝ လင်္ကာ သစ် ကြီး ကို ရေး ဖွဲ့ ခဲ့ သည် ။ ထို့ပြင် ကျမ်းဂန် အမျိုးမျိုး ၊ အမေး ဖြေ အမျိုးမျိုး ၊ အဆုံးအဖြတ် အမျိုးမျိုး နှင့် တေး ကဗျာ အမျိုးမျိုး ကို ရေး ဖွဲ့ ခဲ့ သည် သာ မ က မင်္ဂလာ ရ တု ပေါင်း ချုပ် ကို လည်း ရေး ဖွဲ့ ခဲ့ သေး သည် ။	G10	Upper Secondary
လေး ဆစ်	ပတ္တမြား ရွှေ ဂူ ကို ညွန် လူး ပွတ်တိုက် သော်လည်း မ ညစ် သည့် အပြင် ပိုမို ၍ အရောင် ထွက် ကြောင်း ငါးရာ့ငါးဆယ် ဇာတ်တော် လာ ၂၈ ၅ ဇာတ် မြောက် မဏိသုကရ ဇာတ် ကို ယူ ၍ " ပတ္တမြား ရွှေ ဂူ " ကဗျာ ကို ဖွဲ့ ဆို ထား ခြင်း ဖြစ် သည် ။	G10	Upper Secondary
ပတ္တမြား ရွှေ ဂူ	ပြစ် မ ရှိ ပြစ် ရှာ ။ လ မင်း ကို ခွေး ဟောင် လို့ ရွှေ လ ရောင် ပြောင် မ ပျက် တယ် ထွန်း လျက် ပင် သာ ။ မြ ရွှေ ဂူ ပတ္တမြား ကို လ ဝက် များ က ငြူစူ စွာ ညွန် လူး ကာ တိုက် နဲ ။ ပွတ် လေ လေ ဂူ ရွှေ မှာ အရောင် ထွက် တယ် ရှေး က ထက် ကဲ ။ ၁၉ ရာ စု မန်လည် ဆရာတော်	G10	Upper Secondary
ခက်ဆစ် အဖွင့်	၁ ။ ငြူစူ = မ လို လား ၊ မ ရှုဆိတ် မ ကြည်ဖြူ ဖြစ် သည် ။	G10	Upper Secondary
ခက်ဆစ် အဖွင့်	၂ ။ ညွန် = စိုစွတ် ပျော့အိ သော ရွှံ့ ။	G10	Upper Secondary
ခက်ဆစ် အဖွင့်	၃ ။ တိုက် နဲ = ပွတ်တိုက် သော နည်း ဖြင့် တိုက် နည်း ။	G10	Upper Secondary
သင်ခန်းစာ ဆိုလိုရင်း	အပြစ် မ ရှိ သူ ကို မည် မျှ အပြစ် ရှာ စေကာမူ ဂုဏ်သရေ ညှိုးမှိန် မ သွား ကြောင်း ကို ဥပမာ ပေး ၍ ရေး ဖွဲ့ ထား သည် ။	G10	Upper Secondary
လေ့ကျင့် ရန် မေးခွန်း များ	၁ ။ " ခက်ဆစ် အဖွင့် " လေး ဆစ် တွင် စာ ဆို ဖော်ပြ ထား သော ဥပမာ နှစ် ရပ် ကို ပေါ်လွင် အောင် ဖော်ပြ ပါ ။	G10	Upper Secondary
လေ့ကျင့် ရန် မေးခွန်း များ	၂ ။ အပြစ် မ ရှိ အပြစ် ရှာ တတ် သူ များ နှင့် ငြူစူ တတ် သူ များ အကြောင်း ကို စာ ဆို သည် မည် သို့ ပြစ်တင် ဝေဖန် ထား သနည်း ။	G10	Upper Secondary
လေ့ကျင့် ရန် မေးခွန်း များ	၃ ။ ပတ္တမြား ရွှေ ဂူ ကဗျာ မှ ခွေး နှင့် ဝက် တို့ တွင် မည် သူ က ပို မိုက်မဲ သည် ဟု ထင် သနည်း ။ အကြောင်း ပြ ဖြေ ဆို ပါ ။	G10	Upper Secondary
လေ့ကျင့် ရန် မေးခွန်း များ	၄ ။ " ပြစ် မ ရှိ ပြစ် ရှာ ၊ လ မင်း ကို ခွေး ဟောင် လို့ ၊ ရွှေ လ ရောင် ပြောင် မ ပျက် တယ် ၊ ထွန်း လျက် ပင် သာ ။ " ဟူ သည့် စကား ကို သင် မည် သို့ နားလည် သနည်း ။	G10	Upper Secondary
လေ့ကျင့် ရန် မေးခွန်း များ	၅ ။ ကိုယ် တွေ့ သို့မဟုတ် စာ တွေ့ကြုံ ဖူး သော မိုက်မဲ မှု တစ် ခု အကြောင်း ကို စိတ် ဝင် စာ ဖွယ် ရေး သား တင်ပြ ပါ ။	G10	Upper Secondary
လေး ချိုး	လှိုင်း ကလေး သင် ( ကိုလိုနီခေတ် ) " လှိုင်း ကလေး သင် " ကဗျာ သည် ကိုလိုနီခေတ် စာ ဆို ဇော်ဂျီ ၏ ကဗျာ တစ် ပုဒ် ဖြစ် သည် ။	G10	Upper Secondary
လေး ချိုး	ဆရာ ဇော်ဂျီ သည် ၁၉ဝ၇ ခုနှစ် တွင် ဖွားမြင် သူ ဖြစ် သည် ။ ဖျာပုံ မြို့ ဇာတိ ဖြစ် သည် ။ အမည် ရင်း မှာ ဦး သိန်း ဟန် ဖြစ် သည် ။ ငယ်စဉ် က ဖျာပုံ အမျိုးသား အထက်တန်းကျောင်း ၊ ရန်ကုန် မြို့ မ အမျိုးသား အထက်တန်းကျောင်း တို့ တွင် ပညာသင် ခဲ့ ပြီး ရန်ကုန် တက္ကသိုလ် မှ မြန်မာ စာ မ ဟာ ဝိဇ္ဇာဘွဲ့ နှင့် အင်္ဂလိပ်စာ မ ဟာ ဝိဇ္ဇာဘွဲ့ တို့ ကို ရ ရှိ ခဲ့ သည် ။ ရန်ကုန် တက္ကသိုလ် စာကြည့်တိုက်မှူး ၊ တက္ကသိုလ် များ ဗဟို စာကြည့်တိုက်မှူး တာဝန် များ ကို နှစ် ပေါင်း များ စွာ ထမ်းဆောင် ခဲ့ သည် ။ စာပေ ဆိုင်ရာ ၊ ပညာ ရေး ဆိုင်ရာ ဆောင်းပါး ၊ သုတေသန စာတမ်း စသည် ဖြင့် စာပေ အမျိုးမျိုး ရေး သား ခဲ့ သည် ။ ခရစ်နှစ် ၁၉၉၀ ပြည့် နှစ် တွင် ကွယ်လွန် သည် ။	G10	Upper Secondary
လေး ချိုး	ဆရာ ဇော်ဂျီ သည် ခေတ် စမ်း စာပေ လှုပ်ရှား မှု ကို ဦးဆောင် သူ တစ် ဦး ဖြစ် သည် ။ ပိတောက်ရွှေဝါ ကဗျာ များ ၊ ဗေဒါလမ်း ကဗျာ များ ၊ ဇော်ဂျီ ကဗျာ ပေါင်း ချုပ် ၊ ရှေးခေတ် ပုဂံ ကဗျာ များ နှင့် အခြား ကဗျာ များ ၊ မ ဟာ ဆန် ချင် သူ ပြဇာတ် ၊ သခင်ကိုယ်တော်မှိုင်း ဋီကာ ၊ သိန်း နှင့် ကျား ဋီကာ ၊ ပလေတို နိဒါန်း ၊ ရ သ စာပေ အဖွင့် ၊ ရ သ စာပေ နိဒါန်း ၊ မိုး ကြယ် မို့ လား နှင့် နိုဘယ်ဆု ရ ဝတ္ထုတို များ ၊ လမ်း သစ် နှင့် အခြား ဝတ္ထုတို များ ၊ နင် လား ဟဲ့ ချစ် ဒုက္ခ နှင့် အခြား သော ဝတ္ထုတို များ စ သည့် စာအုပ် များ သည် ဆရာ ဇော်ဂျီ ၏ ထင်ရှား သော လက် ရာ များ ဖြစ် သည်	G10	Upper Secondary
လှိုင်း ကလေး သင်	ပြင် ကျယ်ကျယ် ပင်လယ် စခန်း ဆီ က ... သည် ကမ်းယံ စေတီ ဦး ဆီ သို့ ဖူးမြော် ရန် ရောက် လာ ရင်း ပေ လာ ့း ဘော အို အချင်း လှိုင်း ကလေး သင် ။ ကမ်း ရောက် ပြန် တော့ ... တ ဖြောက် မြည်သံ ကျူ ၍ နဂို မူ စွန့် ကာ ပစ် ပါ လို့ မူ သစ် တစ် ဆင် ခြယ် ၍ ပြင် ကျယ်ကျယ် ပင်လယ် စခန်း ဆီ သို့ မြန်း ကြွ မည့် သွင် ။ ဘယ် ဒေသ ဆီ က ... သင် ကြွ ကာ သည် ကို လာ ၍ ဘယ် နေ ရာ ဘယ် ဆိပ်ကမ်း ဆီ သို့ မြန်း မယ် လို့ သင် ဟန် ပြင် ကြံ ချင် ဘူး သည် အရေး ။ သို့ က တဲ ... စိတ် ထဲ ငါ ဆင်ခြင် ခဲ့ သင် လာ စဉ် ပင်လယ် လမ်း မှာ ဖြင့် မုန်တိုင်း လေ လှိုင်း ရေ ကြမ်း သော် ကြောင့် ပန်း ခဲ့ သူ စင်ရော်ငှက် ကို လ ကျော ထက် ဝယ် ဆောင် ယူ သယ် ၍ ဖောင် သဖွယ် သင် ကူ မ တယ် လို့ တွေးဆ ကာ သည် အလွမ်း ရယ် နဲ့ ဝမ်းမြောက် တယ် လေး ။ ၂ဝ ရာ စု ဇော်ဂျီ	G10	Upper Secondary
ခက်ဆစ် အဖွင့်	၁ ။ ကမ်းယံ = ကမ်းနား ။	G10	Upper Secondary
ခက်ဆစ် အဖွင့်	၂ ။ ပန်း = ပင်ပန်း သည် ။	G10	Upper Secondary
ခက်ဆစ် အဖွင့်	၃ ။ ဘော အို အချင်း = အာ လုပ် စကား ။	G10	Upper Secondary
ခက်ဆစ် အဖွင့်	၄ ။ မြန်း = သွား သည် ။	G10	Upper Secondary
ခက်ဆစ် အဖွင့်	၅ ။ ရောက် လာ ရင်း ပေ လား = ရောက် လာ ခြင်း ပေ လား ။	G10	Upper Secondary
ခက်ဆစ် အဖွင့်	၆ ။ သို့ က တဲ = သို့သော် လည်း ။	G10	Upper Secondary
သင်ခန်းစာ ဆိုလိုရင်း	လှိုင်း ကလေး က စင်ရော် ကလေး ကို ကျော ပေါ် တွင် တင် ပြီး ဆောင် ယူ ကယ်ဆယ် သည့် အတွက် ချီးကျူး ဖွယ် ကောင်း ပုံ ကို ရေး ဖွဲ့ ကာ သူ တစ် ပါး အကျိုး ဆောင်ရွက် ခြင်း ၏ ဂုဏ် ကို ဖော်ထုတ် ထား သည် ။	G10	Upper Secondary
လေ့ကျင့် ရန် မေးခွန်း များ	၁ ။ လှိုင်း ကလေး သင် ကဗျာ ၏ ရည်ရွယ် ချက် ကို ရှင်းပြ ပါ ။	G10	Upper Secondary
လေ့ကျင့် ရန် မေးခွန်း များ	၂ ။ လှိုင်း ကလေး သွား လာ လှုပ်ရှား နေ ပုံ ကို ရေး ပြ ပါ ။	G10	Upper Secondary
လေ့ကျင့် ရန် မေးခွန်း များ	၃ ။ လှိုင်း ကလေး သင် ကဗျာ တွင် " သင် " ဟူသော စကားလုံး ကို အကြိမ်ကြိမ် ထပ် သုံး ထား သည် ။ အဘယ် ကြောင့် ဤ သို့ သုံး ထား သနည်း ။	G10	Upper Secondary
လေ့ကျင့် ရန် မေးခွန်း များ	၄ ။ လှိုင်း ကလေး သည် ဘယ် က လာ ၍ ဘယ် ကို သွား မည် ဟု ကြံစည် ခြင်း ထက် မည် သည် က ပို ၍ အရေးကြီး သည် ဟု ကဗျာ ဆရာ က ယူဆ သနည်း ။	G10	Upper Secondary
လေ့ကျင့် ရန် မေးခွန်း များ	၅ ။ " မုန်တိုင်း လေ လှိုင်း ရေ ကြမ်း သော် ကြောင့် ၊ ပန်း ခဲ့ သူ စင်ရော်ငှက် ကို လ ၊ ကျော ထက် ဝယ် ဆောင် ယူ သယ် ၍ ၊ ဖောင် သဖွယ် သင် ကူ မ တယ် လို့ ၊ တွေးဆ ကာ သည် အလွမ်း ရယ် နဲ့ ၊ ဝမ်းမြောက် တယ် လေး " ဟူသော အဖွဲ့ ၏ အဓိပ္ပာယ် ကို ရှင်းပြ ပါ ။	G10	Upper Secondary
လေး ချိုး	သပြေညို ( ကိုလိုနီခေတ် ) " သပြေညို " ကဗျာ သည် စာ ဆို " မင်းသုဝဏ် " ၏ ကိုလိုနီခေတ် ကဗျာ ဖြစ် သည် ။	G10	Upper Secondary
လေး ချိုး	ဆရာ မင်းသုဝဏ် သည် ကဗျာ များ စွာ ကို ရေး ဖွဲ့ ခဲ့ သည် ။ ကဗျာ ရေး ရာ ၌ မေဃဝန် - ကွမ်းခြံကုန်း မြို့ ၊ စိန်ဂျွမ်းပျော် - ကွမ်းခြံကုန်း မြို့ ၊ ကွမ်းခြံကုန်း တောင် စု အလွန် က မောင် သုဝဏ် ၊ စန်းသော်တာ ၊ ခင် သိင်္ဂီ ( ဟံသာဝတီ ) ၊ သုဝဏ် ၊ မောင် သုဝဏ် ၊ ဦး ဝန် ၊ မင်းသုဝဏ် ၊ တက္ကသိုလ် မင်းသုဝဏ် စ သည့် က လောင် အမည် များ ကို သုံး ခဲ့ သည် ။	G10	Upper Secondary
လေး ချိုး	ခေတ် စမ်း စာပေ လှုပ်ရှား မှု တွင် ဦးဆောင် ပါ ဝင် သူ တစ် ဦး ဖြစ် သည် ။ ကဗျာ ၊ ပုံပြင် ၊ ဝတ္ထုတို ၊ ဆောင်းပါး ၊ ဝေဖန် ရေး စာပေ စသည် ဖြင့် စာပေ အမျိုးမျိုး ရေး သား ခဲ့ သည် ။ ကလေး ကဗျာ များ ကို အထူး အာရုံစိုက် ၍ ရေး ဖွဲ့ ခဲ့ သည် ။ ကလေး သူ ငယ် များ သဘာဝ ပတ်ဝန်းကျင် ကို ချစ် ခင် စိတ် ၊ စူးစမ်း လေ့လာ လို စိတ် ဖြစ် ပေါ် စေ ရန် ငှက် အမျိုး ပေါင်း ၃ဝ ကျော် နှင့် စပ်လျဉ်း သည့် ကဗျာ များ စပ် ဆို ခဲ့ သည် ။ " မောင် ခွေး ဖို့ ကဗျာ များ " စာအုပ် မှာ ထင်ရှား သည် ။ သပြေညို နှင့် အခြား ကဗျာ များ ၊ ကဗျာ ရေး ချင် စာ စပ် သင် ၊ ပျဉ်းမ ငုတ်တို ၊ အင်းလျားကန် သို့ အို ကု တို့ ၊ မောင် ခွေး ဖို့ နှင့် မ ထွေး ဖို့ ကဗျာ များ ၊ မင်းသုဝဏ် ကဗျာ ပေါင်း ချုပ် စ သည့် ကဗျာ စာအုပ် များ ကို ရေး သား ခဲ့ သည် ။	G10	Upper Secondary
လေး ချိုး	ဆရာ မင်းသုဝဏ် သည် သပြေညို ကဗျာ ကို ၁၉၃၈ ခုနှစ် ဇန်နဝါရီ လ ၄ ရက်နေ့ တွင် ရေး ဖွဲ့ ခဲ့ သည် ။ လေး ချိုး ကဗျာ အမျိုးအစား ဖြစ် သည် ။ ထို ကဗျာ ကို ရေး ဖွဲ့ စဉ် က ဆရာ မင်းသုဝဏ် သည် အင်္ဂလန် ပြည် အောက် စ ဖို့ တက္ကသိုလ် ၌ အရှေ့ တိုင်း ဘာသာ စကား များ နှင့် အထွေထွေ ဘာသာဗေဒ ကို သင်ယူ နေ ခိုက် ဖြစ် သည် ။ ခရစ္စမတ် ကျောင်း ပိတ် ၍ ဝေ လ ပြည် မြောက် ပိုင်း ဟာ ဒင် ရွာ ရှိ စိန့်ဒိုင်းနီးယဲ စာကြည့်တိုက် သို့ သွား ကာ စာ ကြည့် နေ ခိုက် ဖွဲ့ ဆို ခြင်း ဖြစ် သည် ။ မင်းသုဝဏ် ၏ ကဗျာ များ တွင် လွတ်လပ် ရေး စိတ်ဓာတ် ကို လှုံ့ဆော် သော ကဗျာ များ စွာ ကို တွေ့ မြင် ရ သည် ။ ထို ကဗျာ များ အနက် " သပြေညို " ကဗျာ မှာ အထူး ထင်ရှား သည် ။ ထို ကဗျာ ရေး ဖွဲ့ ပြီး ၁၀ နှစ် အကြာ ၁၉၄၈ ခုနှစ် ဇန်နဝါရီ လ ၄ ရက်နေ့ တွင် လွတ်လပ် ရေး ရ ရှိ ခဲ့ သည် ။	G10	Upper Secondary
သပြေညို	သူ့ ခေါင်း မှာ တဲ့ သပြေညို ငါ့ ခေါင်း မှာ တဲ့ သပြေညို ။ တို့ ပြေ ( ပြည် ) မှာ တို့ မေ ကမ်း ပါ တဲ့ သပြေညို ရွှေဘို ပန်း ဟာ က လန်း လျက် ပါ ကို ။ ဘာ မ လျှော့ လေ နဲ့ လာ တော့ မ ကွဲ့ ရွှေပဟိုရ် လေ ချို က အသွေး ။ လင်းကြက် အဆော် ကွင်း ထက် မှာ တူ ပျော် ပျော် နဲ့ စည်တော် ကို ရည် မျှော်မှန်း ကာ ပ ရောင်နီ မှာ အောင် စည် ရွမ်း ရ အောင် သပြေညို ရွှေဘို ပန်း ရယ် နဲ့ လှမ်း ကြ စို့ လေး ။ ၂၀ ရာ စု မင်းသုဝဏ်	G10	Upper Secondary
ခက်ဆစ် အဖွင့်	၁ ။ စည်တော် = ထီးသုံးနန်းသုံး စည် ကြီး ။	G10	Upper Secondary
ခက်ဆစ် အဖွင့်	၂ ။ ရွှေပဟိုရ် = မြန်မာ ဘုရင် လက်ထက် တွင် အချိန် နာရီ အချက် ပေး တီးခတ် သည့် စည် ကြီး ။	G10	Upper Secondary
ခက်ဆစ် အဖွင့်	၃ ။ လင်းကြက် အဆော် = အရုဏ်တက် ချိန် တွင် တွန် သော ကြက်ဖ ၏ တောင်ပံ ရိုက်ခတ် ၍ ကြွေးကြော် နေ စဉ် ။	G10	Upper Secondary
ခက်ဆစ် အဖွင့်	၄ ။ အောင် စည် ရွမ်း = အောင် စည် တီး သည် ။	G10	Upper Secondary
ခက်ဆစ် အဖွင့်	၅ ။ လေ ချို = လေပြည်လေညင်း ။	G10	Upper Secondary
ခက်ဆစ် အဖွင့်	၆ ။ အောင် စည် = အောင်မြင် သည့် အနေဖြင့် တီး သော စည် ။	G10	Upper Secondary
သင်ခန်းစာ ဆိုလိုရင်း	ပြည်သူလူထု သည် သူ ၊ ငါ အားလုံး စည်းရုံး တက်ကြွ စွာ ဆက်လက် ဆောင်ရွက် ကြ ပါ က လွတ်လပ် ရေး ရ ရှိ မည် ၊ လွတ်လပ် ရေး ရောင်နီ လာ ခါ နီး ပြီ ၊ လင်း ကြက်တွန်သံ ကို ကြား နေ ရ ပြီ ဟု အားမာန် ပေး ဖွဲ့ ဆို ထား သည် ။	G10	Upper Secondary
လေ့ကျင့် ရန် မေးခွန်း များ	၁ ။ သပြေညို ကဗျာ သည် မည် သည့် အကြောင်း ကို ရေး ဖွဲ့ ထား သည့် ကဗျာ ဖြစ် သနည်း ။ ပြည့်စုံ စွာ တင်ပြ ပါ ။	G10	Upper Secondary
လေ့ကျင့် ရန် မေးခွန်း များ	၂ ။ ကဗျာ တွင် " သပြေညို ရွှေဘို ပန်း " ဟူ သည် မည် သည် ကို ရည်ရွယ် သနည်း ။	G10	Upper Secondary
လေ့ကျင့် ရန် မေးခွန်း များ	၃ ။ " လာ တော့ မ ကွဲ ရွှေပဟိုရ် လေ ချို က အသွေး " အဖွဲ့ ၏ ဆိုလိုရင်း ကို ရှင်းလင်း ရေး သား ပါ ။	G10	Upper Secondary
လေ့ကျင့် ရန် မေးခွန်း များ	၄ ။ သပြေညို ကဗျာ သည် လွတ်လပ် ရေး တိုက်ပွဲ ဝင် သူ များ အတွက် အင်အား ဖြစ် ခဲ့ သည် ဟူသော အဆို ကို ဆွေနွေး တင်ပြ ပါ ။	G10	Upper Secondary
လေ့ကျင့် ရန် မေးခွန်း များ	၅ ။ သပြေညို ကဗျာ ကို ရေး ခဲ့ ပြီး ဆယ် နှစ် အကြာ တွင် လွတ်လပ် ရေး ရ ရှိ ခဲ့ သည် ။ ထို တိုက်ဆိုင် မှု ကို မည် သို့ ထင် မြင် ယူဆ မိ သနည်း ။ သင် ၏ အ	G10	Upper Secondary
လေး ချိုး	အလွမ်းပြေ စာ တစ် စောင် ( လွတ်လပ် ရေး ခေတ် ) " အလွမ်းပြေ စာ တစ် စောင် " ကဗျာ သည် လွတ်လပ် ရေး ခေတ် စာ ဆို ဆရာ တင် မိုး ၏ ကဗျာ တစ် ပုဒ် ဖြစ် သည် ။	G10	Upper Secondary
လေး ချိုး	ဆရာ တင် မိုး ကို ၁၉၃၃ ခုနှစ် နိုဝင်ဘာ လ ၁၉ ရက် တွင် မြင်းခြံ ခရိုင် ၊ တောင် သာ မြို့နယ် ကန် မြဲ ကျေးရွာ ၌ အဖ ဦးဘအို နှင့် အမိ ဒေါ် စံ ထယ် တို့ မှ မွေးဖွား ခဲ့ သည် ။ အမည် ရင်း မှာ ဦးဘဂျမ်း ဖြစ် သည် ။	G10	Upper Secondary
လေး ချိုး	၁၉၅၇ ခုနှစ် တွင် တစ် နိုင်ငံ လုံး မြန်မာ စာ ရ မှတ် အများဆုံး ဖြင့် ဒသမ တန်း အောင်မြင် ကာ ၁၉၅၈ ခုနှစ် တွင် မန္တလေး တက္ကသိုလ် တက်ရောက် သည် ။ ၁၉၆၅ ခုနှစ် တွင် မန္တလေး တက္ကသိုလ် မှ ဝိဇ္ဇာဘွဲ့ ရ ခဲ့ သည် ။ ၁၉၅ဝ ပြည့် နှစ် သီတင်းကျွတ် အထူး ထုတ် မန္တလေး မြို့ ဗဟို စည် သတင်းစာ တွင် ဝါကျွတ် သဘင် ကဗျာ ကို " ကန် မြဲ သက်နှင်း " က လောင် အမည် ဖြင့် ရေး ဖွဲ့ ၍ စာပေ လောက သို့ စတင် ခြေချ သည် ။ ၁၉၅၁ ခုနှစ် တွင် အထက် ဗမာ နိုင်ငံ စာရေးဆရာ အသင်း ၏ စာ ဆို တော် မဂ္ဂဇင်း တွင် " ကန် မြဲ နန်း မြင့် နွယ် " က လောင် အမည် ဖြင့် " လယ် ထဲ က တေးသံ ချို " ကဗျာ ကို ရေး စပ် သည် ။ ၁၉၅၅ - ၅၈ ခုနှစ် တွင် ကို ရင် ဂျမ်း ၊ စန်း ရောင် က လောင် အမည် ခွဲ များ ဖြင့် ရေး သား သည် ။ ၁၉၅၈ ခုနှစ် ဖေဖော်ဝါရီ လ ထုတ် သွေး သောက် မဂ္ဂဇင်း တွင် " အခိုးခံ ရ သော ကာ ရန် လေး များ " ကဗျာ မှ စ ၍ တင် မိုး က လောင် အမည် ကို ယူ ခဲ့ သည် ။	G10	Upper Secondary
လေး ချိုး	၁၉၆၃ - ၆ ၇ ခုနှစ် တွင် အထက် ဗမာ နိုင်ငံ စာရေးဆရာ အသင်း အမှုဆောင် အဖြစ် တာဝန် ယူ သည် ။ ၁၉၆၅ ခုနှစ် တွင် မန္တလေး တက္ကသိုလ် က ဝိဇ္ဇာဘွဲ့ ရ ရှိ သည် ။ ဖန်မီးအိမ် စာအုပ် တိုက် ကို တည်ထောင် သည် ။ ၁၉၆၆ - ၆၇ ခုနှစ် တွင် လူထု သတင်းစာ ကဗျာ ကဏ္ဍ အယ်ဒီတာ အဖြစ် ဆောင်ရွက် သည် ။	G10	Upper Secondary
လေး ချိုး	ဆရာ တင် မိုး ပြုစု ခဲ သော ကဗျာ စာအုပ် များ အနက် ဖန်မီးအိမ် ကဗျာ များ စာအုပ် ဖြင့် ၁၉၅၉ ခုနှစ် တွင် စာပေဗိမာန် ကဗျာ ဆု ရ ရှိ ခဲ့ သည် ။ ပိတောက် မှ သရဖီ ၁၉၆၉ ခုနှစ် ( အမျိုးသား စာပေ ဆု ) ထီး ကလေး နှင့် မနီ ကဗျာ စာအုပ် ဖြင့် ၁၉၇၀ ပြည့် နှစ် အမျိုးသား စာပေ ဆု ( က လေး စာပေ ) ရ ရှိ ခဲ့ သည် ။ ခွပ်ဒေါင်း အလံ ခေါ် ရာ သို့ ( ၂ဝဝ၂ ) ၊ သစ်ရွက် ကြွေ က လေး ပေါ် မှာ ရေး တဲ့ မှတ်တမ်း ( ၂၀၀၄ ) ၊ အညာ လမ်း က တမာတန်း ( ၂၀၀၆ ) ကဗျာ စာအုပ် များ ကို ပြည်ပ တွင် ထုတ်ဝေ ခဲ့ ပြီး ကွယ်လွန် ချိန် အထိ ကဗျာ များ ရေး ခဲ့ သူ ဖြစ် သည် ။ ၂၀၀၄ ခုနှစ် အောက်တိုဘာ လ တွင် နယ်သာလန် နိုင်ငံ မှ စာပေ ဆု ချီးမြှင့် ခြင်း ခံ ရ သည် ။	G10	Upper Secondary
လေး ချိုး	ဆရာ တင် မိုး သည် ၂ဝဝ၇ ခုနှစ် ဇန်နဝါရီ လ ၂ ၂ ရက် တွင် အမေရိကန် ပြည်ထောင်စု ၊ ကယ်လီဖိုးနီးယား ပြည်နယ် လော့စ်အိန်ဂျလိ စ် မြို့ ၌ ကွယ်လွန် ခဲ့ ပါ သည် ။	G10	Upper Secondary
အလွမ်းပြေ စာ တစ် စောင်	အလွမ်းပြေ အမေ ရေး တဲ့ ကောက်ကွေးကွေး အက္ခရာ ။ ခဲတံ ကို တံတွေး ဆွတ် လို့ ဖျက် ပွတ် ရာ အစုံစုံ နဲ့ စာ သတ်ပုံ မ မှန်ကန် လဲ အမေ့ ဉာဏ် ဘယ်လို ကောင်း ပါ လိမ့် ပျောင်း ညွတ် သည့် စာ ။ ဖိုးသာယာ ကျောင်း မှာ တုန်း ဆီ က သင်ပုန်း ကုန် ကျွတ် အောင် မ တတ် သော် လဲ အမေ့ မှာ စေတန ဓာတ် တွေ က ဖျက် ခနဲ ယို လို့ လာ လွမ်း စာ တဲ ဆောင်းပါး ။ အမေ မ ရှိ သော် လဲ ဖြေ မိ ဖြေ စ ရ ပေါ့ သည် လွမ်း စာ သည် လက် ရေး ရယ် က ပဲတီချဉ် သွယ်သွယ် ကွေး လို ပ စီ ရေး ပုံ မ ပြေ ပါ လဲ စေတနာ အလွန် သန့် တာ မို့ အမေ့ စာ တကယ် ခံ့ တယ် အံ့ မိ ပါ တကား ။ ၂ဝ ရာ စု တင် မိုး	G10	Upper Secondary
ခက်ဆစ် အဖွင့်	၁ ။ ဆောင် ပါး = ပစ္စည်း တစ်စုံတစ်ရာ ကို လူ လွှတ် ၍ ဖြစ်စေ ၊ လူ ကြုံ အပ် ၍ ဖြစ်စေ ရပ် ဝေး သို့ ပေး ပို့ သည် ။	G10	Upper Secondary
ခက်ဆစ် အဖွင့်	၂ ။ ပျောင်း ညွတ် = နူးညံ့သိမ်မွေ့ သော ။	G10	Upper Secondary
ခက်ဆစ် အဖွင့်	၃ ။ သင် ပုန်း ကုန် = သင်ပုန်းကြီး သင်ခန်းစာ ပြီး မြောက် သည် ။	G10	Upper Secondary
ခက်ဆစ် အဖွင့်	၄ ။ အက္ခရာ = စာ ရေး သား ရာ ၌ အသံ ကို ကိုယ်စားပြု သော အမှတ် သင်္ကေတ ။	G10	Upper Secondary
သင်ခန်းစာ ဆိုလိုရင်း	အမေ ၏ လက် ရေး မ လှပ သော်လည်း သတ်ပုံ မ မှန်ကန် သော်လည်း အမေ ၏ စေတနာ မေတ္တာ တရား တို့ ကိန်းအောင်း နေ သော စာ ကလေး တစ် စောင် မှ အမေ့ ၏ မေတ္တာ တရား ကို ခံစား ရ သည့် အကြောင်း ရေး ဖွဲ့ ထား သည် ။	G10	Upper Secondary
လေ့ကျင့် ရန် မေးခွန်း များ	၁ ။ အလွမ်းပြေ စာ တစ်	G10	Upper Secondary
လေ့ကျင့် ရန် မေးခွန်း များ	၂ ။ ကဗျာ မှ အမေ့ စာ သည် အဘယ ကြောင့် လွမ်း စရာ ဖြစ် ရ သနည်း ။ ရှင်းပြ ပါ ။	G10	Upper Secondary
လေ့ကျင့် ရန် မေးခွန်း များ	၃ ။ " သည် လွမ်း စာ သည် လက် ရေး ရယ် က ၊ ပဲတီချဉ် သွယ်သွယ် ကွေး လို ပ ၊ စီ ရေး ပုံ မ ပြေ ပါ လဲ ၊ စေတနာ အလွန် သန့် တာ မို့ ၊ အမေ့ စာ တကယ် ခံ့ တယ် ၊ အံ့ မိ ပါ တကား " ဟူ သည့် စာ သား မှ မည် သည့် ခံစား မှု များ ကို ရ ရှိ သနည်း ။	G10	Upper Secondary
လေ့ကျင့် ရန် မေးခွန်း များ	၄ ။ အလွမ်းပြေ စာ တစ် စောင် ကဗျာ ကို ဖတ်ရှု နားထောင် ရ သော ကဗျာ အသံ သည် လွမ်း စရာ အကြောင်းအရာ ကို လွမ်း မိ အောင် အထောက်အပံ့ ပေး သည် ဟု ထင် ပါ သလား ။ နားလည် သလို ရှင်းပြ ပါ ။	G10	Upper Secondary
လေ့ကျင့် ရန် မေးခွန်း များ	၅ ။ သင် ကိုယ်တိုင် အလွမ်းပြေ စာ တစ် စောင် ကို ရ ဖူး ပါ သလား ။ အတွေ့အကြုံ ကို ရှင်းပြ ပါ ။	G10	Upper Secondary
အပိုင်း - ၃ အရေး သင်ခန်းစာ	အခန်း - ၁ စာ အရေးအသား အခြေခံ လမ်းညွှန်	G10	Upper Secondary
အခန်း - ၁ စာ အရေးအသား အခြေခံ လမ်းညွှန်	စာ ရေး ရာ တွင် မှန်ကန် မှု သုံး ရပ် သည် အခြေခံ လိုအပ် ချက် များ ဖြစ် သည် ။ စာလုံးပေါင်း သတ် ပုံမှန် ရ မည် ။ သဒ္ဒါ အသုံးအနှုန်း မှန် ရ မည် ။ ဝါကျဖွဲ့ထုံး မှန် ရ မည် ။ မှန် ဖို့ အတွက် အများ လက်ခံ ထား သော စည်းကမ်း များ ရှိ သည် ။ ထို စည်းကမ်း များ နှင့် အညီ ရေး မှ ရေး သူ ဆို လို သော အဓိပ္ပာယ် ကို ဖတ် သူ က မှန်မှန်ကန်ကန် နားလည် မည် ။	G10	Upper Secondary
အခန်း - ၁ စာ အရေးအသား အခြေခံ လမ်းညွှန်	အရေးအသား မှန်ကန် ပြီ ဆို လျှင် နောက် တစ် ဆင့် အ နေ နှင့် စာ ရေး သူ ဆို လို သော အဓိပ္ပာယ် ကို စာဖတ် သူ ရှင်းရှင်းလင်းလင်း နား လ ည အောင် ၊ စာဖတ် သူ ထံ သို့ ချောချောမွေ့မွေ့ ပြေပြေပြစ်ပြစ် ရောက် အောင် ၊ လို ရင်း ကို အ ချန် တိုတို အတွင်း နား လ ည အောင် ၊ ရေး သည့် အကြောင်းအရာ နှင့် လိုက် ဖက် ဆီ လျှော် အောင် ရေး သား နိုင် ရန် လိုအပ် သည် ။ ရှင်းလင်း မှု ၊ ပြေပြစ် မှု ၊ ကျစ်လျစ် မှု ၊ လိုက် ဖက် မှု တို့ သည် စာ အရေးအသား ကောင်း ရန် လက္ခဏာ များ ဖြစ် ပါ သည် ။	G10	Upper Secondary
အခန်း - ၁ စာ အရေးအသား အခြေခံ လမ်းညွှန်	သိ ကောင်း စရာ များ ကို အချိန် နည်းနည်း နှင့် သိ နိုင် ဖို့ အတွက် အရေးအသား ကျစ်လျစ် ဖို့ ၊ တိုတို နှင့် လို ရင်း ရောက် ဖို့ လည်း လိုအပ် ပါ သည် ။ ကွေ့ဝိုက် လှည့်ပတ် မ နေ ဘဲ စကားလုံး အနည်းဆုံး နှင့် အဓိပ္ပာယ် အများဆုံး ပါ အောင် ရေး ထား သော စာ မျိုး ကို ကျစ်လျစ် မှု ရှိ သည် ဟု ဆို ရ ပါ မည် ။	G10	Upper Secondary
အခန်း - ၁ စာ အရေးအသား အခြေခံ လမ်းညွှန်	စာ ရေး သူ ၏ ဆို လို ချက် သည် စာဖတ် သူ ထံ အထစ်အငေါ့ မ ရှိ ဘဲ ချောချောမွေ့မွေ့ ပြေပြေပြစ်ပြစ် ရောက် ဖို့ လည်း လို ပါ သည် ။ ပြေပြစ် မှု သည် စာ အရေးအသား အတွက် လိုအပ် ချက် တစ် ခု ဖြစ် သည် ။	G10	Upper Secondary
အခန်း - ၁ စာ အရေးအသား အခြေခံ လမ်းညွှန်	ရေး သော အကြောင်းအရာ နှင့် အလေးအပေါ့ ၊ အခံ့ အသွက် လိုက် ဖက် ဖို့ လည်း လိုအပ် ပါ သည် ။ လိုက် ဖက် မှ လည်း အဆီအငေါ် တည့် သော စာ ဟု ဆို နိုင် ပါ လိမ့် မည် ။	G10	Upper Secondary
အခန်း - ၁ စာ အရေးအသား အခြေခံ လမ်းညွှန်	မြန်မာ စာ ကို အသုံးချ ရာ တွင် ယခု ဖော်ပြ ခဲ့ သည့် အတိုင်း အရေးအသား မှန်ကန် ဖို့ ၊ ရှင်းလင်း ဖို့ ၊ ကျစ်လျစ် ဖို့ ၊ တိကျ ဖို့ ၊ ပြေပြစ် ဖို့ ၊ လိုက် ဖက် ဖို့ အတွက် သတိပြု စရာ များ ကို စူးစမ်း လေ့လာ ခြင်း ဖြင့် ထိထိရောက်ရောက် အသုံးချ နိုင် မည် ဖြစ် ပါ သည် ။	G10	Upper Secondary
သဒ္ဓါ အသုံးအနှုန်း မှန်ကန် ခြင်း	မြန်မာ စာ ကို စနစ်တကျ ရေး တတ် ပြီး မြန်မာ စကား ကို စနစ်တကျ ပြော တတ် ရန် မှာ သဒ္ဒါ အထားအသို မှန်ကန် ရေး သည် အဓိက ကျ လှ ပါ သည် ။ အများအားဖြင့် မှား သုံး မိ တတ် သည့် သဒ္ဒါ စကားလုံး တို့ မှာ " က နှင့် မှ " " ကို နှင့် အား " ၊ " တို့ ၊ များ ၊ တွေ " ၊ " နှင့် ၊ ဖြင့် " ၊ " အနက် ၊ တွင် " ၊ " သည် နှင့် မှာ " " ဖြစ်စေ ---- ဖြစ်စေ ၊ သို့မဟုတ် ၊ သော်လည်း ကောင်း ---- သော်လည်း ကောင်း " ၊ " နည်း တူ ၊ ကဲ့သို့ " " စ သော ၊ ဟူသော " ၊ " မျှ ၊ မ ဆို " ၊ " ၍ ၊ လျက် ၊ ကာ " စ သည့် အသုံးအနှုန်း များ ဖြစ် ပါ သည် ။	G10	Upper Secondary
သဒ္ဓါ အသုံးအနှုန်း မှန်ကန် ခြင်း	က နှင့် မှ ကတ္တား ( ပြုလုပ် သူ ) ဖြစ် ကြောင်း ပြ သော " က " နေ ရာ တွင် " မှ " ကို မှား သုံး လေ့ ရှိ ကြ ပါ သည် ။ " ကျောင်းအုပ်ဆရာကြီး မှ မိန့်ခွန်း မြွက်ကြား ပါ တော့ မည် " " ပါမောက္ခ မှ ဆု ချီးမြှင့် ပါ တော့ မည် " ဟူသော အသုံးအနှုန်း မျိုး ဖြစ် ပါ သည် ။ " ကျောင်းအုပ်ဆရာကြီး က ၊ ပါမောက္ခ က " ဟု သုံး မှ မှန် ပါ လိမ့် မည် ။ " မှ " သည် ထွက်ခွာ ရာ ပြ သည့် စကား ဖြစ် ပါ သည် ။ " ရန်ကုန် မှ မန္တလေး သို့ သွား မည် ၊ အိမ် မှ ထွက် လာ သည် " ဟူ၍ သုံး ကြ ပါ သည် ။ " က " နေ ရာ တွင် " မှ " ကို သုံး သောအခါ အချို့ နေ ရာ တွင် အဓိပ္ပာယ် ဆန့်ကျင်ဘက် ဖြစ် သွား တတ် ပါ သည် ။	G10	Upper Secondary
သဒ္ဓါ အသုံးအနှုန်း မှန်ကန် ခြင်း	၁ ။ သမဝါယမ အသင်း က လူ သုံး ကုန် များ ကို ဝယ် ယူ သွား သည် ။ ၂ ။ သမဝါယမ အသင်း မှ လူ သုံး ကုန် များ ကို ဝယ် ယူ သွား သည် ။	G10	Upper Secondary
သဒ္ဓါ အသုံးအနှုန်း မှန်ကန် ခြင်း	ဤ ဝါကျ နှစ် ခု သည် အဓိပ္ပာယ် တောင် နှင့် မြောက် ဆန့်ကျင် ခြားနား သွား ပါ သည် ။ ဝါကျ ( ၁ ) တွင် ပြုလုပ် သူ ကို ပြ သော " က " ကို သုံး သည့် အတွက် သမဝါယမ အသင်း သည် လူ သုံး ကုန် ဝယ် ယူ သည့် ဌာန ဖြစ် ကြောင်း သိ ရ ပါ သည် ။ ဝါကျ ( ၂ ) တွင် မူ ထွက်ခွာ ရာ ပြ သော " မှ " ကို သုံး သည့် အတွက် သမဝါယမ အသင်း ၏ လူ သုံး ကုန် များ ကို အခြား ဌာန တစ် ခု က ဝယ် ယူ သွား သည့် သဘော ဖြစ် သွား ပါ သည် ။ ဝါကျ ၁ တွင် သမဝါယမ အသင်း သည် ဝယ် သူ ဖြစ် ၍ ဝါကျ ၂ တွင် သမဝါယမ အသင်း သည် ရောင်း သူ ဖြစ် သွား ပါ သည် ။	G10	Upper Secondary
သဒ္ဓါ အသုံးအနှုန်း မှန်ကန် ခြင်း	ကို နှင့် အား " ခွေး အား ရိုက် သည် ။ " ‘ သူ့ ကို လက်ဆောင် ပေး သည် ။ " ဟူ သည့် ဝါကျ များ သည် သဒ္ဒါ အသုံး မှား နေ သည့် ဝါကျ များ ဖြစ် ပါ သည် ။ ‘ ကို ’ သည် ‘ ကံ နောက် ဆက် ’ ဖြစ် ၍ အပြု ခံ ရ သူ ၊ အပြု ခံ ရ သည့် အရာ ကို ဖော်ပြ ရာ ၌ သုံး သည် ။ ‘ အား ’ သည် လက်ခံ ပြ နောက် ဆက် ဖြစ် ၍ လက်ခံ သူ ကို ဖော်ပြ ရာ ၌ သုံး သည် ။ ထို့ကြောင့် ‘ ခွေး ကို ရိုက် သည် ။ ’ ‘ သူ့ အား လက်ဆောင် ပေး သည် ။ ’ ဟု ရေး ရ မည် ဖြစ် ပါ သည် ။ ‘ ကို ’ နှင့် ‘ အား ’ ကို ဝါကျ တစ် ကြောင်း ထဲ ၌ သုံး ပါ က ‘ နာရီ ကို ဆရာ ကြီး အားပေး သည် ။ ’ ဟု ရေး ရ မည် ဖြစ် သည် ။ နာရီ သည် အ ပေး ခံ ရ သည့် အရာ ဖြစ် ၍ ဆရာ ကြီး သည် လက်ခံ သူ ဖြစ် သည် ။ ထို ဝါကျ ကို ‘ နာရီ အား ဆရာ ကြီး ကို ပေး သည် ။ ’ ဟု ရေး လျှင် သဒ္ဒါ အသုံးအနှုန်း မှား သည် ။	G10	Upper Secondary
သဒ္ဓါ အသုံးအနှုန်း မှန်ကန် ခြင်း	အနက် နှင့် တွင် မောင်မောင် သည် ကျောင်းသား များ အနက် တွင် အတော်ဆုံး ဖြစ် သည် ။ ဟူ သည့် ဝါကျ သည် သဒ္ဒါ အသုံး မှာ နေ သည့် ဝါကျ ဖြစ် ပါ သည် ။ " အနက် ၊ တွင် " ဟူ သည့် စကားလုံး များ သည် အစုအပေါင်း မှ တစ် စိတ် တစ် ပိုင်း ကို ခွဲ ထုတ် ပြ သော စကားလုံး များ ဖြစ် ပါ သည် ။ ထို့ကြောင့် အစုအပေါင်း ထဲ မှ တစ် စိတ် တစ် ပိုင်း ကို ခွဲ ထုတ် ပြ လို လျှင် " အနက် " သို့မဟုတ် " တွင် " ကို သုံး ၍ မောင်မောင် သည် ကျောင်းသား များ အနက် အတော်ဆုံး ဖြစ် သည် ။ မောင်မောင် သည် ကျောင်းသား များ တွင် အတော်ဆုံး ဖြစ် သည် ။ ဟု ရေး ရ မည် ဖြစ် ပါ သည် ။ " အနက် နှင့် တွင် " ကို တွဲ ၍ " အနက် တွင် " ဟု မ သုံး ရ ချေ ။	G10	Upper Secondary
သဒ္ဓါ အသုံးအနှုန်း မှန်ကန် ခြင်း	သည် နှင့် မှာ မောင်မောင် မှာ စာ တော် ၍ မ မ သည် အား က စား ထူးချွန် သည် ။ ဟူ သည့် ဝါကျ မှာ သဒ္ဓါ အသုံး မှား နေ သည့် ဝါကျ ဖြစ် သည် ။ ကတ္တား နောက် ဆက် များ ဖြစ် သည့် " သည် ၊ မှာ " ဟူ သည့် အသုံး ကို နေ ရာ တ ကျ သုံးစွဲ မှ သဒ္ဒါ အထားအသို မှန်ကန် မည် ဖြစ် သည် ။ ဝါကျ တစ် ကြောင်း ထဲ တွင် " သည် နှင့် မှာ " ကို တစ်ပြိုင်နက် သုံး ရ မည် ဆို ပါ က ရှေ့ ကတ္တား ၏ နောက် တွင် " သည် " လိုက် ပြီး ၊ နောက် ကတ္တား ၏ နောက် တွင် " မှာ " ကို သုံး ကာ မောင်မောင် သည် စာ တော် ၍ မ မ မှာ အား က စား ထူးချွန် သည် ။ ဟု ရေး ရ မည် ဖြစ် သည် ။ " သည် " က သာမန် ကို ဖော်ပြ ၍ " မှာ " က ရှေ့ ကတ္တား နှင့် နောက် ကတ္တား ကို ခွဲခြား ဖော်ပြ သော ကြောင့် ဖြစ် သည် ။	G10	Upper Secondary
သဒ္ဓါ အသုံးအနှုန်း မှန်ကန် ခြင်း	နည်း တူ နှင့် ကဲ့သို့ " နည်း တူ ၊ ကဲ့သို့ " ဟူ သည့် အသုံး သည် အငြင်း ပြ စကားလုံး " မ " မ ပါ သော ကြိယာ နှင့် တွဲ သုံး လျှင် တူညီ သည့် အနက် ဖြင့် သုံး ခြင်း ဖြစ် သည် ။ သာဓက - မောင်မောင် နည်း တူ ကျွန်တော် စား နိုင် သည် ။ မ မ ကဲ့သို့ ကျွန်မ စာ တော် သည် ။	G10	Upper Secondary
သဒ္ဓါ အသုံးအနှုန်း မှန်ကန် ခြင်း	စ သော နှင့် ဟူသော " စ သော " ဟူ သည့် စကားလုံး ကို အချက်အလက် အားလုံး မ ဖော်ပြ ဘဲ အချို့ ကို သာ ဖော်ပြ သည့် သည့် အခါ တွင် သုံး သည် ။ သာဓက - ဆင်းရဲ ခြင်း ၊ ချမ်းသာ ခြင်း စ သော လောကဓံ တရား ၈ ပါး ။ ဘုရား ၊ တရား စ သော ရတနာ ၃ ပါး ဟူ သည့် ဝါကျ တို့ တွင် လောကဓံ တရား ၈ ပါး တို့ မှာ ဆင်းရဲ ခြင်း ၊ ချမ်းသာ ခြင်း ၊ အ ခြွေရံ နည်း ခြင်း ၊ အ ခြွေရံ များ ခြင်း ၊ လာဘ် ရ ခြင်း ၊ လာဘ် မ ရ ခြင်း ၊ ကျော်စော ခြင်း ၊ မ ကျော်စော ြ ခင်း ဟူ သည့် လောကဓံ တရား ၈ ပါး ကို အကုန် မ ဖော်ပြ ဘဲ အချို့ ကို သာ ဖော်ပြ ထား သဖြင့် " စ သော " ဟူ သည့် စကားလုံး နှင့် တွဲ ပေး ရ ခြင်း ဖြစ် သည် ။	G10	Upper Secondary
သဒ္ဓါ အသုံးအနှုန်း မှန်ကန် ခြင်း	" ဟူသော " ဆို သည့် စကားလုံး ကို မူ အချက်အလက် အပြည့်အစုံ ကို ဖော်ပြ သည့် အခါ တွင် သုံး သည် ။ သာဓက - ကြေး ၊ ကြိုး ၊ သား ရေ ၊ လေ ၊ လက်ခုပ် ဟူသော မြန်မာ့ တူရိယာ ၅ ပါး ရှိ သည် ။ ဘုရား ၊ တရား ၊ သံဃာ ဟူသော ရတနာ ၃ ပါး ။ ဟူ သည့် ဝါကျ တို့ တွင် မြန်မာ့ တူရိယာ ၅ ပါး တို့ ကို အကုန် ဖော်ပြ ထား သဖြင့် " ဟူသော " စကားလုံး နှင့် တွဲ ပေး ရ ခြင်း ဖြစ် သည် ။	G10	Upper Secondary
သဒ္ဓါ အသုံးအနှုန်း မှန်ကန် ခြင်း	မျှ နှင့် မ ဆို " မည် သူ ၊ မည် သည် " တို့ ၏ နောက် တွင် " မျှ ၊ မ ဆို " ကို သုံး နိုင် သည် ။ " မျှ " သည် တားမြစ် ခြင်း အနက် ဖြင့် သုံး သော စကားလုံး ဖြစ် သည် ။ ထို့ကြောင့် " မျှ " ကို သုံး လျှင် ကြိယာ ၏ ရှေ့ တွင် " မ " ဟူ သည့် အငြင်း ပြ စကားလုံး ထည့် ပေး ရ မည် ။ " မ ဆို " သည် ခွင့်ပြု ခြင်း အနက် ဖြင့် သုံး သော စကားလုံး ဖြစ် သည် ။ ထို့ကြောင့် " မ ဆို " ကို သုံး လျှင် ကြိယာ ၌ " မ " ဟူ သည့် အငြင်း ပြ စကားလုံး ထည့် စရာ မ လို ပေ ။	G10	Upper Secondary
သဒ္ဓါ အသုံးအနှုန်း မှန်ကန် ခြင်း	သာဓက ( ၁ ) မိသားစု ထမင်း ဝိုင်း တွင် လူ ကြီး မိဘ များ မ စား ရ သေး ခင် မည် သူ မျှ မ စား ရ ။ ဟူ သည့် ဝါကျ တွင် " မည် သူ " ၏ နောက် တွင် " မျှ " ဟူ သည့် စကားလုံး ကို တွဲ ထား သဖြင့် ကြိယာ " စား " ၏ ရှေ့ တွင် " မ " ဟူ သည့် အငြင်း ပြ စကားလုံး ထည့် ပေး ရ မည် ။	G10	Upper Secondary
သဒ္ဓါ အသုံးအနှုန်း မှန်ကန် ခြင်း	သာဓက ( ၂ ) ဤ ပန်းဥယျာဉ် အတွင်း ရှိ မည် သည့် ပန်း ကို မျှ ပိုင်ရှင် မ သိ ဘဲ မ ခူး ရ ။ ဟူ သည့် ဝါကျ တွင် " မည် သည် " ၏ နောက် တွင် " မျှ " ဟူ သည့် စကားလုံး ကို တွဲ ထား သဖြင့် ကြိယာ " ခူး " ၏ ရှေ့ တွင် " မ " ဟူ သည့် အငြင်း ပြ စကားလုံး ကို ထည့် ပေး ရ မည် ။	G10	Upper Secondary
သဒ္ဓါ အသုံးအနှုန်း မှန်ကန် ခြင်း	သာဓက ( ၃ ) မေမေ ဝယ် လာ သည့် မုန့် ကို မည် သူ မ ဆို စား နိုင် သည် ။ ဟူ သည့် ဝါကျ တွင် " မည် သူ " ၏ နောက် တွင် " မ ဆို " ဟူ သည့် စကားလုံး ကို တွဲ ထား သဖြင့် ကြိယာ " စား " ၏ ရှေ့ တွင် " မ " ဟူ သည့် အငြင်း ပြ စကားလုံး ထည့် ရန် မ လို ပေ ။	G10	Upper Secondary
သဒ္ဓါ အသုံးအနှုန်း မှန်ကန် ခြင်း	၍ ၊ လျက် ၊ ကာ " ၍ " ဟူ သည့် နောက် ဆက် ကို တစ် ခု ပြီး တစ် ခု ဆောင်ရွက် သည် ကို ပြ ရာ ၌ သုံး သည် ။	G10	Upper Secondary
သဒ္ဓါ အသုံးအနှုန်း မှန်ကန် ခြင်း	သာဓက - အိမ် စာ လုပ် ပြီး ၍ က စား သည် ။ ဟူ သည့် ဝါကျ တွင် အိမ် စာ လုပ် ခြင်း သည် သည် အလုပ် တစ် ခု ၊ က စား ခြင်း သည် အလုပ် တစ် ခု ဖြစ် သည် ။ အိမ် စာ လုပ် ခြင်း အလုပ် ပြီး မှ က စား သည့် အလုပ် ကို လုပ် သည် ဖြစ် ရာ ထို အလုပ် နှစ် ခု ကြား တွင် " ၍ " ကို ထား ခြင်း ဖြစ် သည် ။	G10	Upper Secondary
သဒ္ဓါ အသုံးအနှုန်း မှန်ကန် ခြင်း	" လျက် ၊ ကာ " ဟူ သည့် စကားလုံး တို့ ကို တစ်ပြိုင်နက် ဆောင်ရွက် ကြောင်း ပြ ရာ ၌ သုံး သည် ။	G10	Upper Secondary
သဒ္ဓါ အသုံးအနှုန်း မှန်ကန် ခြင်း	သာဓက - ရုပ်ရှင် ကြည့် လျက် ထမင်း စား နေ သည် ။ ရုပ်ရှင် ကြည့် ကာ ထမင်း စား နေ သည် ။ ဟူ သည့် ဝါကျ တွင် ထမင်း စား ခြင်း သည် အလုပ် တစ် ခု ၊ ရုပ်ရှင် ကြည့် ခြင်း သည် အလုပ် တစ် ခု ဖြစ် သည် ။ ထမင်း စား ခြင်း အလုပ် နှင့် ရုပ်ရှင် ကြည့် ခြင်း အလုပ် ကို တစ်ပြိုင်နက် လုပ် ခြင်း ဖြစ် ရာ ထို အလုပ် နှစ် ခု ကြား တွင် " လျက် ၊ ကာ " ကို ထား ခြင်း ဖြစ် သည် ။ " လျက် ၊ ကာ " ၏ နေ ရာ တွင် " ၍ " ကို ထား ၍ ရုပ်ရှင် ကြည့် ၍ ထမင်း စား နေ သည် ။ ဟု သုံး ပါ က အသုံး မှား ဖြစ် ပါ သည် ။	G10	Upper Secondary
သဒ္ဓါ အသုံးအနှုန်း မှန်ကန် ခြင်း	တို့ ၊ များ ၊ တွေ အများ ပြ နောက် ဆက် " တို့ ၊ များ ၊ တွေ " ဟူ သည့် စကားလုံး များ ကို လည်း အသုံး မှန် အောင် သတိပြု ရ မည် ဖြစ် သည် ။ " တို့ " ဟူ သည့် အများ ပြ နောက် ဆက် ကို တစ် မျိုး တည်း သို့မဟုတ် နှီးနွှယ် ပတ်သက် နေ သည့် အမျိုးအစား တို့ ကို အကြွင်းအကျန် မ ရှိ တပေါင်းတစည်း တည်း ဖော်ပြ လို လျှင် သုံး ရ သည် ။	G10	Upper Secondary
သဒ္ဓါ အသုံးအနှုန်း မှန်ကန် ခြင်း	သာဓက - ငါ တို့ မနက်ဖြန် ဘုရား သွား ကြ ရ အောင် ။ " များ ၊ တွေ " ဟူ သည့် အများ ပြ နောက် ဆက် များ ကို မူ တစ် ခု မ က များ ပြား သော အရေအတွက် ရှိ သည့် အမျိုးအစား ကို ဖော်ပြ လို သောအခါ အရေး တွင် " များ " ကို သုံး ၍ အပြော တွင် " တွေ " ကို သုံး ရ သည် ။	G10	Upper Secondary
သဒ္ဓါ အသုံးအနှုန်း မှန်ကန် ခြင်း	သာဓက - ပန်း များ သည် ရ နံ့ သင်းပျံ့ စွာ ဖူး ပွင့် နေ ကြ သည် ( အရေး ) ခြံ ထဲ မှာ ပန်း တွေ ပွင့် နေ ကြ တယ် ။ ( အပြော ) " များ ၊ တွေ " ကို ကိန်းဂဏန်း များ ၊ နာမ်စား များ ၊ တစ် ဦး ဆိုင် နာမ် များ နှင့် တွဲ ၍ မ သုံး နိုင် ချေ ေ ။ တွဲ သုံး ပါ က ပစ္စည်း နှင့် မှားယွင်း တတ် သည် ။	G10	Upper Secondary
သဒ္ဓါ အသုံးအနှုန်း မှန်ကန် ခြင်း	သာဓက - ၆၈ များ ၊ ၂ များ ငါ များ ၊ နင် များ ဧရာဝတီ များ ၊ ချင်း တွင်း မြစ် များ စသည် တို့ သည် သဒ္ဒါ အသုံး မှား များ ဖြစ် သည် ။	G10	Upper Secondary
သဒ္ဓါ အသုံးအနှုန်း မှန်ကန် ခြင်း	ဖြစ်စေ ---- ဖြစ်စေ ၊ သော်လည်း ကောင်း ---- သော်လည်း ကောင်း ၊ သို့မဟုတ် တစ် ခု မ ဟုတ် တစ် ခု ပြု မူ ဖြစ် ပျက် သည် ကို ပြ လို လျှင် " ဖြစ်စေ ---- ဖြစ်စေ " ၊ " သော်လည်းကောင်း ---- သော်လည်းကောင်း " ၊ " သို့မဟုတ် " တို့ ကို တစ် ခု မ ဟုတ် တစ် ခု သုံး နိုင် ပါ သည် ။	G10	Upper Secondary
သဒ္ဓါ အသုံးအနှုန်း မှန်ကန် ခြင်း	" ဖြစ်စေ " ကို သုံး လျှင် " ---- ဖြစ်စေ ---- ဖြစ်စေ ---- " ၊ " သော်လည်းကောင်း " ကို သုံး လျှင် " ---- သော်လည်းကောင်း ---- သော်လည်းကောင်း ---- " နှစ် ခါ သုံး ရ မည် ဖြစ် သည် ။ သို့မဟုတ် ကို သုံး လျှင် မူ " ---- သို့မဟုတ် ---- " တစ် လုံး တည်း သာ သုံး ရ မည် ဖြစ် သည် ။	G10	Upper Secondary
သဒ္ဓါ အသုံးအနှုန်း မှန်ကန် ခြင်း	သာဓက - မောင်မောင် ဖြစ်စေ မမ ဖြစ်စေ လာ ပါ ။ မောင်မောင် သို့မဟုတ် မမ လာ ပါ ။ မောင်မောင် သော်လည်းကောင်း ၊ မမ သော်လည်းကောင်း လာ ပါ ။	G10	Upper Secondary
လေ့ကျင့်ခန်း	၁ ။ အောက် ပါ ကွက်လပ် များ တွင် ကို ၊ အား အသုံး ကို မှန်ကန် အောင် ဖြည့် ပါ ။	G10	Upper Secondary
လေ့ကျင့်ခန်း	( ၁ ) မောင် ပု သည် အမဲရိုး ____ ပါ ပီ ____ ကျွေး သည် ။	G10	Upper Secondary
လေ့ကျင့်ခန်း	( ၂ ) အဖေ သည် ဧည့်သည် များ ____ ဘုရား လိုက် ပို့ သည် ။	G10	Upper Secondary
လေ့ကျင့်ခန်း	( ၃ ) မေမေ သည် ကျွန်တော် ____ မွေးနေ့ လက်ဆောင် ပေး ၏ ။	G10	Upper Secondary
လေ့ကျင့်ခန်း	( ၄ ) ဆရာ ကြီး သည် အာဇာနည် နေ့ အကြောင်း ____ ကျောင်းသား များ ____ ဟော ပြော သည် ။	G10	Upper Secondary
လေ့ကျင့်ခန်း	( ၅ ) သူ ရေး သည့် စာအုပ် များ ကြိုက် သည် ။	G10	Upper Secondary
လေ့ကျင့်ခန်း	၂ ။ အောက် ပါ ဝါကျ များ ကို မှား မှန် ရွေး ပါ ။ မှား နေ သည့် ဝါကျ များ ကို အမှန် ပြင် ရေး ပါ ။	G10	Upper Secondary
လေ့ကျင့်ခန်း	( ၁ ) မီး သတိပေး ပို စ တာ ကြီး အား လမ်းထိပ် ၌ စိုက်ထူ ထား သည် ။ ( ____ )	G10	Upper Secondary
လေ့ကျင့်ခန်း	( ၂ ) ပန်းမန် ပြ ပွဲ ကို မြေပဒေသာ ကျွန်း ၌ ကျင်းပ နေ သည် ။ ( ____ )	G10	Upper Secondary
လေ့ကျင့်ခန်း	( ၃ ) ဆရာဝန် သည် ဆေး အား လူနာ ကို ပေး သည် ။ ( ____ )	G10	Upper Secondary
လေ့ကျင့်ခန်း	( ၄ ) လက် သမား သည် သစ်သား ကို လွှ ဖြင့် ဖြတ် ၏ ။ ( ____ )	G10	Upper Secondary
လေ့ကျင့်ခန်း	( ၅ ) လယ်သမား ဦး ကြီး များ သည် သီးနှံ တို့ ကို မိုး ရာသီ တွင် စိုက်ပျိုး ကြ သည် ။ ( ____ )	G10	Upper Secondary
လေ့ကျင့်ခန်း	၃ ။ ဝိုက် ကွင်း တွင် ဖော်ပြ ထား သည့် အသုံးအနှုန်း နှစ် ခု အနက် မ သင့်လျော် သည့် အသုံး ကို ကြက်ခြေခတ် ပါ ။	G10	Upper Secondary
လေ့ကျင့်ခန်း	( ၁ ) ကျောင်းအုပ်ဆရာကြီး ( မှ ၊ က ) မိန့်ခွန်း စကား ပြော ကြား ပါ မည် ။	G10	Upper Secondary
လေ့ကျင့်ခန်း	( ၂ ) ပျို့ ဦး နီ ဈေး ( မှ ၊ က ) ပြန် လာ ပြီ လား ဗျ ။	G10	Upper Secondary
လေ့ကျင့်ခန်း	( ၃ ) ဖခင် ( မှ ၊ က ) သား အား မုန့်ဖိုး ပေး သည် ။	G10	Upper Secondary
လေ့ကျင့်ခန်း	( ၄ ) မိတ္ထီလာ ကန် တော် အောက် ( မှ ၊ က ) ဖား ကောက် ခဲ့ ပါ ။	G10	Upper Secondary
လေ့ကျင့်ခန်း	( ၅ ) ကျွန်တော် အိမ် ( မှ ၊ က ) ကျောင်း အထိ နေ့ တိုင်း လမ်းလျှောက် သည် ။	G10	Upper Secondary
လေ့ကျင့်ခန်း	၄ ။ အောက် ပါ ဝါကျ တို့ ၌ မည် သူ မ ဆို ၊ မည် သူ မျှ ဟူ သည့် စကား များ ကို ဆီလျော် အောင် ဖြည့် ပေး ပါ ။	G10	Upper Secondary
လေ့ကျင့်ခန်း	( ၁ ) ဤ အပန်းဖြေ ရိပ်သာ ၌ ____ နေ နိုင် သည် ။	G10	Upper Secondary
လေ့ကျင့်ခန်း	( ၂ ) စာသင် နေ စဉ် ____ စကား ပြော ရ ။	G10	Upper Secondary
လေ့ကျင့်ခန်း	( ၃ ) ရိုးသား ဖြောင့်မတ် သူ ကို ____ သဘောကျ သည် ။	G10	Upper Secondary
လေ့ကျင့်ခန်း	( ၄ ) သူ သိ ချင် သည့် အဖြေ ကို ____ မ ဖြေ နိုင် ပါ ။	G10	Upper Secondary
လေ့ကျင့်ခန်း	( ၅ ) ____ အလှပ တရား ကို ခံစား တတ် ကြ သည် ။	G10	Upper Secondary
လေ့ကျင့်ခန်း	၅ ။ အောက် ပါ ဝါကျ များ မှ စ သော ၊ ဟူသော အသုံး မှန် လျှင် ( ) မှား လျှင် ( ) ခြစ် ပါ ။	G10	Upper Secondary
လေ့ကျင့်ခန်း	( ၁ ) ကျွန်တော် တို့ အိမ် မှာ နွား ညို ၊ နွား နီ ဟူသော နွား ညီနောင် ရှိ ပါ သည် ။	G10	Upper Secondary
လေ့ကျင့်ခန်း	( ၂ ) နွေရာသီ မှာ ကံ့ကော် ၊ ငုဝါ ၊ စိန်ပန်း စ သော ပန်း များ ပွင့် ကြ သည် ။	G10	Upper Secondary
လေ့ကျင့်ခန်း	( ၃ ) ကျောင်း စာကြည့်တိုက် မှာ ပုံပြင် ၊ ကဗျာ ၊ ကာတွန်း ၊ မဂ္ဂဇင်း ဟူသော စာအုပ် များ ကို ဖတ်ရှု နိုင် ပါ သည် ။	G10	Upper Secondary
လေ့ကျင့်ခန်း	( ၄ ) တပည့် များ ဟာ ညီညာ ထကြွ ၊ ဆုံးမ နာ ယူ ၊ လာ မူ ကြို ဆီး ၊ ထံ နီး လုပ် ကျွေး ၊ သင် တွေး အံ ရွတ် စ သော တပည့် ဝတ် ၅ ပါး နဲ့ အညီ နေ ထိုင် သင့် ပါ သည် ။	G10	Upper Secondary
လေ့ကျင့်ခန်း	( ၅ ) မြန်မာ့ သစ်တော များ က ကျွန်း ၊ ပျဥ်းကတိုး ၊ သစ်ရာ ၊ အင်ကြင်း စ သော သစ် များ ထွတ် သည် ။	G10	Upper Secondary
လေ့ကျင့်ခန်း	၆ ။ သဒ္ဒါ အသုံးအနှုန်း အမှန် ရွေး ပါ ။	G10	Upper Secondary
လေ့ကျင့်ခန်း	( ၁ ) အနော်ရထာ ၊ ကျန်စစ်သား ၊ ဘုရင့်နောင် ၊ အလောင်း ဘုရား ၊ ဗန္ဓုလ ( ဟူသော ၊ စ သော ) ကျောင်း ကောင်စီ အသင်း ၅ သင်း ရှိ ပါ သည် ။	G10	Upper Secondary
လေ့ကျင့်ခန်း	( ၂ ) မိ ကျောင်း ၊ လိပ် ၊ ဖား ( ဟူသော ၊ စ သော ) အကောင် များ သည် ကုန်း နေ ရေ နေ သတ္တဝါ များ ဖြစ် သည် ။	G10	Upper Secondary
လေ့ကျင့်ခန်း	( ၃ ) အိုးပုတ် ၊ ချိုးရုပ် ၊ ဖိုးဝရုပ် ( ဟူသော ၊ စ သော ) က စား စရာ များ ကို ဘုရား ပွဲ ဈေး တန်း တွင် တွေ့ နိုင် ပါ သည် ။	G10	Upper Secondary
လေ့ကျင့်ခန်း	( ၄ ) မြန်မာ နိုင်ငံ တွင် နွေ ၊ မိုး ၊ ဆောင်း ( ဟူသော ၊ စ သော ) ဥတု ၃ ပါး ရှိ သည် ။	G10	Upper Secondary
လေ့ကျင့်ခန်း	( ၅ ) ဧရာဝတီ မြစ် ၊ သံလွင်မြစ် ၊ ချင်း တွင်း မြစ် ၊ စစ် တောင်း မြစ် ( ဟူသော ၊ စ သော ) မြစ် ကြီး ၄ စင်း သည် ကျွန်ုပ် တို့ နိုင်ငံ ၏ အဓိက မြစ် ကြီး များ ဖြစ် သည် ။	G10	Upper Secondary
လေ့ကျင့်ခန်း	၇ ။ အောက် ပါ ဝါကျ တို့ တွင် ( ၍ ၊ လျက် ၊ ကာ ) အသုံး မှန် မ မှန် စစ်ဆေး ပေး ပါ ။	G10	Upper Secondary
လေ့ကျင့်ခန်း	( ၁ ) အောင် အောင် သည် ဘောလုံး ကို ခေါင်း နှင့် တိုက် ကာ ဂိုးသွင်း လိုက် သည် ။	G10	Upper Secondary
လေ့ကျင့်ခန်း	( ၂ ) ဘကြီးဖြိုး သည် ပက်လက်ကုလားထိုင် ပေါ် တွင် ထိုင် ကာ စာဖတ် နေ သည် ။	G10	Upper Secondary
လေ့ကျင့်ခန်း	( ၃ ) မေမေ သည် ကလေး ကို ချီ ၍ လာ နေ သည် ။	G10	Upper Secondary
လေ့ကျင့်ခန်း	( ၄ ) ကြောင် မ ကြီး သည် ကြောင် ကလေး များ ကို ချီ လျက် ပြေး လာ သည် ။	G10	Upper Secondary
လေ့ကျင့်ခန်း	( ၅ ) ဖေဖေ သည် ခြံ ရှင်း ပြီး ၍ ရေချိုး နေ ပါ သည် ။	G10	Upper Secondary
စာလုံးပေါင်း သတ်ပုံ မှန်ကန် ခြင်း	စာလုံးပေါင်း သတ်ပုံ သည် စာပေ အရေးအသား ဆိုင်ရာ စည်းကမ်း တစ် ခု ဖြစ် သည် ။ စာ ရေး ရာ တွင် စာလုံးပေါင်း သတ်ပုံ မှန်ကန် အောင် မ ရေး လျှင် အနက် အဓိပ္ပာယ် လွဲ သွား တတ် သည် ။ ထို့ကြောင့် မြန်မာ စာ အရေးအသား မှန်ကန် ရေး သည် အခြေခံ အချက် ဖြစ် သည် ။	G10	Upper Secondary
စာလုံးပေါင်း သတ်ပုံ မှန်ကန် ခြင်း	မှား တတ် သော စာလုံးပေါင်း သတ်ပုံ များ	G10	Upper Secondary
စာလုံးပေါင်း သတ်ပုံ မှန်ကန် ခြင်း	စာလုံးပေါင်း သတ်ပုံ မှား ရ ခြင်း ၏ အဓိက အကြောင်း မှာ အသံ တစ် သံ အတွက် ဖော်ပြ နိုင် သော စာလုံးပေါင်း မှာ နှစ် မျိုး ၊ သုံး မျိုး ရှိ နေ ခြင်း ကြောင့် ဖြစ် သည် ။ သာဓက အား ဖြင့် ဆို ရ သော် " ကျင် " ဟူသော အသံ အတွက် စာလုံးပေါင်း မှာ " ကျင် ၊ ကြင် ၊ ကျဉ် ၊ ကြဉ် " လေး မျိုး ရှိ နေ သော ကြောင့် ဖြစ် ပါ သည် ။ မိမိ လို ချင် သည့် အဓိပ္ပာယ် အတွက် မည် သည့် စာ လုံ ပေါင်း ကို သုံး ရ မည် ဟု သိ လျှင် စာလုံးပေါင်း သတ်ပုံ မှား တော့ မည် မ ဟုတ် ချေ ။	G10	Upper Secondary
စာလုံးပေါင်း သတ်ပုံ မှန်ကန် ခြင်း	မှား တတ် သော ဗျည်း များ	G10	Upper Secondary
စာလုံးပေါင်း သတ်ပုံ မှန်ကန် ခြင်း	မှား တတ် သော ဗျည်း များ တွင် " ဉ " နှင့် " ည " ၊ " ဌ " နှင့် " ဋ္ဌ " တို့ ပါ ဝင် သည် ။	G10	Upper Secondary
စာလုံးပေါင်း သတ်ပုံ မှန်ကန် ခြင်း	" ဉ " နှင့် " ည " ။ " ဉ " နှင့် " ည " သည် မှားယွင်း ရေး သား တတ် သော ဗျည်း များ ဖြစ် သည် ။ " ဉ " သည် ပါဠိ စာ လုံး ဖြစ် သည် ။ ပါဠိ စာ လုံး များ ကို မှား ရေး တတ် ခြင်း မှာ ရင်းနှီးကျွမ်းဝင် မှု မ ရှိ သည့် အတွက် မှား ရေး ခြင်း ဖြစ် ဖို့ များ ပါ သည် ။ " ဉ " ( ည ကလေး ) သည် ပါဠိ စကားလုံး ဖြစ် သည် ။ ( ပါဠိ တွင် " ဉ " နှစ် လုံး ဆင့် လျှင် " ည " ဖြစ် သည် ။ ) " ည " သည် မြန်မာ စာ လုံး ဖြစ် သည် ။ ထို့ကြောင့် ပညာ ၊ ပုည ကို ရေး လျှင် ( ပဉ် + ဥာ + ပုဥ + ဥ ) ဟု ဖတ် ရ သည် ။ ဉာဏ် ကို " ဉ " ( ည ကလေး ) ဖြင့် သာ ရေး ရ သည် ။	G10	Upper Secondary
စာလုံးပေါင်း သတ်ပုံ မှန်ကန် ခြင်း	" ဌ " နှင့် " ဋ္ဌ " ။ ပါဠိ စာ လုံး အတွက် သုံး သော ဌ နှစ် မျိုး သည် လည်း မှား တတ် သည် ။ လည် ရစ် ပါ သော ဋ္ဌ(ဋ္ဌ ဝမ်း ဘဲ ) သည် ဋ နှင့် ဌ ဆင့် ထား ခြင်း ဖြစ် သည် ။ ထို့ကြောင့် အဋ္ဌမ ဟု ရေး လျှင် ( အဋ် + ဌမ ) ဟု ဖတ် ရ သည် ။ ပြဋ္ဌာန်း ဟု ရေး လျှင် ( ပြဋ် + ဌာန်း ) ဟု ဖတ် ရ သည် ။ ဌာန ကို ဋ္ဌာန ဟု လည် ရစ် ထည့် ရေး လျှင် စာလုံးပေါင်း မှား သည် ။	G10	Upper Secondary
စာလုံးပေါင်း သတ်ပုံ မှန်ကန် ခြင်း	မှား တတ် သော အသတ် များ	G10	Upper Secondary
စာလုံးပေါင်း သတ်ပုံ မှန်ကန် ခြင်း	မှား တတ် သည့် အသတ် များ မှာ – " င သတ် ( ---- င် ) နှင့် ည ကလေး သတ် ( ---- ဉ) " " တ သတ် ( ---- တ် ) နှင့် ပ သတ် ( ---- ပ် ) " တို့ ဖြစ် သည် ။	G10	Upper Secondary
စာလုံးပေါင်း သတ်ပုံ မှန်ကန် ခြင်း	င သတ် နှင့် ည ကလေး သတ်	G10	Upper Secondary
စာလုံးပေါင်း သတ်ပုံ မှန်ကန် ခြင်း	" လက်ရွေးစင် " ကို " လက် ရွေး စဉ် " ၊ " ဖိတ် စဉ် " ကို " ဖိတ်စင် " ၊ " စပ်ဖျဉ်းဖျဉ်း " ကို " စပ် ဖျင်း ဖျင်း " ၊ " ညှဉ်းဆဲ " ကို " ညှင်းဆဲ " ဟု မှား လေ့ ရှိ သည် ။ အနားကပ် လာ သည် ကို " ချဉ်းကပ် " ဟု သုံး ပြီး ၊ အထဲ သို့ ဝင်ရောက် သည် ကို " ချင်း နင်း " ဟု သုံး ရ သည် ဟု ယှဉ်တွဲ မှတ်သား နိုင် ပါ သည် ။	G10	Upper Secondary
စာလုံးပေါင်း သတ်ပုံ မှန်ကန် ခြင်း	တသတ် နှင့် ပ သတ်	G10	Upper Secondary
စာလုံးပေါင်း သတ်ပုံ မှန်ကန် ခြင်း	" တ် " နှင့် " ပ် " သည် မှားယွင်း တတ် သော စာလုံးပေါင်း သတ်ပုံ ဖြစ် သည် ။ " လခ ထုတ် မယ် ။ " တွင် " တ် " သုံး ရ သော်လည်း " မုန့် ကို ဖက် နှင့် ထုပ် ထား သည် " တွင် " ပ် " ကို အသုံးပြု ရ မည် ဖြစ် သည် ။ အပြင် ကို ထုတ် လျှင် တသတ် " တ် " ၊ အထဲ ကို သွင်း လျှင် ပ သတ် " ပ် " ဟု ခွဲခြား မှတ်သား နိုင် ပါ သည် ။	G10	Upper Secondary
စာလုံးပေါင်း သတ်ပုံ မှန်ကန် ခြင်း	ဆင်တူယိုးမှား စာလုံးပေါင်း သတ်ပုံ များ	G10	Upper Secondary
စာလုံးပေါင်း သတ်ပုံ မှန်ကန် ခြင်း	အသံ မ တူ သော်လည်း အသံ ချင်း နီးစပ် ပြီး ဆင်တူယိုးမှား ဖြစ် နေ သော စာ လုံး ချင်း လည်း မှား တတ် သည် ။	G10	Upper Secondary
စာလုံးပေါင်း သတ်ပုံ မှန်ကန် ခြင်း	" ပဲ နှင့် ဘဲ "	G10	Upper Secondary
စာလုံးပေါင်း သတ်ပုံ မှန်ကန် ခြင်း	" ပဲ နှင့် ဘဲ " သည် လည်း မှားယွင်း တတ် သော အသုံး များ ဖြစ် သည် ။ လူ ပဲ ၊ နတ် ပဲ ၊ ဟုတ် တာ ပဲ အသုံး များ တွင် " ပဲ " ကို သုံး ပြီး မ သွား ဘဲ ၊ မ လာ ဘဲ ဟူသော အသုံး များ တွင် " ဘဲ " ကို သုံး ပါ သည် ။ မ - နှင့် တွဲ လျှင် " ဘဲ " ၊ မ - နှင့် မ တွဲ လျှင် ပဲ ဟု ခွဲခြား သတ်မှတ် နိုင် သည် ။	G10	Upper Secondary
စာလုံးပေါင်း သတ်ပုံ မှန်ကန် ခြင်း	" ဖက် " နှင့် " ဘက် "	G10	Upper Secondary
စာလုံးပေါင်း သတ်ပုံ မှန်ကန် ခြင်း	" ဖက် " နှင့် " ဘက် " သည် မှားယွင်း တတ် သော အသုံး များ ဖြစ် သည် ။ " ဖက် " ဟူ သည့် အသုံး ကို " စုံ ဖက် ၊ လိုက် ဖက် ၊ ယှဉ် ဖက် " ကဲ့သို့ ကြိယာ အနက် ၊ " ကူဖော်လောင်ဖက် ၊ ကြင်ဖော်ကြင်ဖက် " ကဲ့သို့ အဖော် အဖက် ၊ " လေး ဖက် နာ ၊ သုံး ဖက် မြင် " ကဲ့သို့ ကိန်းဂဏန်း နှင့် တွဲ လျှင် " ဖက် " ကို သုံး သည် ။ " ဘက် " ကို မူ အရပ် မျက်နှာ နှင့် တွဲ ၍ " အရှေ့ ဘက် ၊ အနောက် ဘက် " ၊ တည် နေ ရာ နှင့် တွဲ ၍ " ဈေး ဘက် ၊ အိမ် ဘက် " ၊ အစ စကားလုံး " ဘက်စုံ ၊ ဘက် ကန် " ၊ အများ ၊ သူ ၊ ငါ ၊ ယောက်ျား ၊ မိန်းမ ဟူ လျှင် " သူ့ ဘက် ၊ ငါ့ ဘက် " ဟု သုံး သည် ။	G10	Upper Secondary
စာလုံးပေါင်း သတ်ပုံ မှန်ကန် ခြင်း	" ကာ " နှင့် " ခါ "	G10	Upper Secondary
စာလုံးပေါင်း သတ်ပုံ မှန်ကန် ခြင်း	" ကာ " နှင့် " ခါ " သည် အရေး မ တူ သော်လည်း အသံ ထွက် တူ သော ကြောင့် မှားယွင်း တတ် သော အသုံး များ ဖြစ် သည် ။ အချိန် အခါ ကို ဆို လို လျှင် " ခါ " ဟု သုံး ရ ပြီး လျက် နှင့် အသုံး တူ သော စကား ဆက် ကို မူ " ကာ " ဟု သုံး ရ သည် ။ နံနက် ချိန် ခါ ၊ နက်ဖြန်ခါ တို့ ၌ " ခါ " ဟု သုံး ပြီး သွား ကာ လာ ကာ တွင် " ကာ " ဟု သုံး ရ သည် ။ သာဓက - မြန်မာ့ အသံ မှ နံနက် ချိန် ခါ တေးသံ သာ ကဏ္ဍ ကို ကြိုက် နှစ်သက် ပါ သည် ။ ဆေးလိပ် သောက် ကာ စာဖတ် နေ သည် ။	G10	Upper Secondary
စာလုံးပေါင်း သတ်ပုံ မှန်ကန် ခြင်း	" မီ " နှင့် " မှီ "	G10	Upper Secondary
စာလုံးပေါင်း သတ်ပုံ မှန်ကန် ခြင်း	" မီ " နှင့် " မှီ " သည် အသံ ထွက် တူ သဖြင့် မှားယွင်း တတ် သော စာလုံးပေါင်း များ ဖြစ် သည် ။ " မီ " ကား " မိ " နှင့် အတူတူ ပင် ဖြစ် သည် ။ " မိ " ဟူ သည် မှာ ထိ မိ ၊ ဆက်စပ် ၊ ပေါင်း ယှဉ် ၊ ပူးတွဲ ၊ ညီမျှ ၊ ကိုက်ညီ သည့် အနက် ဖြစ် ပါ သည် ။ သာဓက - လက်လှမ်းမီ ၊ အချိန် မီ ၊ စံချိန် မီ ဟု သုံး ၍ အချိန် မ တိုင် သေး ခင် ဟူ သည့် အနက် ဖြင့် " မကြာမီ ၊ မ စား မီ " စသည် ဖြင့် သုံး သည် ။ " မှီ " ကို မူ ယှဥ် ကပ် အား ပြု ခြင်း ၊ အားကိုး အား ထား ပြု ခြင်း အနက် တို့ တွင် အသုံးပြု သည် ။ သာဓက - မှီခို ၊ မှီငြမ်း ၊ မှီအုံး	G10	Upper Secondary
စာလုံးပေါင်း သတ်ပုံ မှန်ကန် ခြင်း	" ဖူး " နှင့် " ဘူး "	G10	Upper Secondary
စာလုံးပေါင်း သတ်ပုံ မှန်ကန် ခြင်း	" ဖူး " နှင့် " ဘူး " သည် အသံ ထွက် တူ သဖြင့် မှား တတ် သော စာလုံးပေါင်း များ ဖြစ် သည် ။ " ဖူး " ကို အမှန် က တယ် ကြုံတွေ့ သိ မြင် ခံစား ဖြစ် ပျက် ခဲ့ သည် တို့ ကို ထင်ရှား စေ လို သောအခါ တွင် " ဖူး " ကို သုံး သည် ။ သာဓက - သူ့ ကို မြင် ဖူး သည် ။ ရန်ကုန် ကို သွား ဖူး သည် ။ " ဘူး " ကို မူ ငြင်းပယ် ခြင်း အနက် ရှိ သည့် " မ " နှင့် တွဲ သုံး သည် ။ အမှန်တကယ် ကြုံတွေ့ သိ မြင် ခံစား ဖြစ် ပျက် ခဲ့ ဖူး ခြင်း မ ရှိ ကြောင်း ကို ထင်ရှား အောင် ပြ ရာ ၌ အသုံးပြု သည် ။ သာဓက - သူ့ ကို မ မြင် ဖူး ဘူး ။ ရန်ကုန် ကို မ သွား ဖူး ဘူး ။	G10	Upper Secondary
စာလုံးပေါင်း သတ်ပုံ မှန်ကန် ခြင်း	အသံ နှင့် အရေး ရောထွေး သော စာလုံးပေါင်း အမှား များ	G10	Upper Secondary
စာလုံးပေါင်း သတ်ပုံ မှန်ကန် ခြင်း	တစ် နှင့် တ	G10	Upper Secondary
စာလုံးပေါင်း သတ်ပုံ မှန်ကန် ခြင်း	" တစ် " ဟူသော အရေအတွက် အဓိပ္ပာယ် ဆောင် သည့် စာ လုံး များ ကို တစ် ဟု ရေး ရန် ဖြစ် ပါ သည် ။ တစ် ကိုယ် တော် ၊ တစ် ခါ တစ် ခေါက် ၊ တစ် ခု ခု ၊ တစ် ခြမ်း ၊ လူ တစ် စု ၊ တစ်ပြိုင်တည်း ၊ တစ်သီးပုဂ္ဂလ ၊ တစ် ဆင့် စသည် တို့ ဖြစ် သည် ။ " တစ် " အဓိပ္ပာယ် မ ရ လျှင် မူ " တ " ကို သုံး ရန် ဖြစ် သည် ။ တကွ ၊ တကွဲတပြား ၊ တခြား ၊ တငိုငိုတရီရီ ၊ တစေ့တစောင်း ၊ တထစ်ချ ၊ တပျော်တပါး စသည် တို့ တွင် " တ " သည် ရှေ့ က ဆက် သုံး ရ သည့် ရှေ့ဆက် စကား မျိုး ဖြစ် ပါ သည် ။	G10	Upper Secondary
စာလုံးပေါင်း သတ်ပုံ မှန်ကန် ခြင်း	နေ့ လည် နှင့် နေ့လယ်	G10	Upper Secondary
စာလုံးပေါင်း သတ်ပုံ မှန်ကန် ခြင်း	" နေ့ လည် နှင့် နေ့လယ် " တွင် စာလုံးပေါင်း သတ်ပုံ အမှန် မှာ " နေ့လယ် " ဖြစ် သည် ။ နေ့ တစ် နေ့ ၏ အလယ် ဟု အဓိပ္ပာယ် ရ ပါ သည် ။ " လည် " ကို လည်ပတ် သည့် အနက် ဖြင့် သုံး သည် ။ " နှစ်ပတ်လည် နေ့ " ဟူ သည့် အသုံး မျိုး ဖြစ် ပါ သည် ။	G10	Upper Secondary
စာလုံးပေါင်း သတ်ပုံ မှန်ကန် ခြင်း	ကို နှင့် ကိုယ်	G10	Upper Secondary
စာလုံးပေါင်း သတ်ပုံ မှန်ကန် ခြင်း	" ကို " နှင့် " ကိုယ် " သည် အသံ တူ ပြီး အရေး ကွဲ သည် ကို အကြောင်း ပြု ပြီး ဇဝေဇဝါ ဖြစ် တတ် သော စာလုံးပေါင်း မှာ " ကိုယ့် ကိုယ် ကိုယ် " ဟူ သည့် စာလုံးပေါင်း ဖြစ် သည် ။ အခြား စကားလုံး များ ဖြင့် ယှဉ် ကြည့် နိုင် သည် ။ " သူ့ ကိုယ် သူ " ၊ ငါ့ ကိုယ် ငါ " " မိမိ ကိုယ် မိမိ " စသည် တို့ ဖြစ် သည် ။ " သူ ၊ ငါ ၊ မိမိ " တို့ နေ ရာ ၌ " ကိုယ် " ဟူ သည့် နာမ်စား ကို ထည့် ကြည့် ပါ က " ကိုယ့် ကိုယ် ကိုယ် " ဟူ သည့် စကား သည် အမှန် ဖြစ် သည် ။ မှား တတ သော စာ လုံး များ ကို မ မှာ အောင် စာလုံးပေါင်း ကွဲ သော အသံ တူ စာ လုံး များ ၊ အသံ ချင်း ဆင်တူယိုးမှား သည့် စကားလုံး များ ကို ယှဥ် တွဲ ကြည့် ခြင်း အား ဖြင့် မှတ်မိ နိုင် ပါ သည် ။	G10	Upper Secondary
လေ့ကျင့်ခန်း	၁ ။ အောက် ပါ စကားလုံး များ တွင် " တစ် " နှင့် " တ " အ သုံး မှန် ကို ရွေး ပါ ။	G10	Upper Secondary
လေ့ကျင့်ခန်း	( ၁ ) တကွ - တစ် ကွ	G10	Upper Secondary
လေ့ကျင့်ခန်း	( ၂ ) တခါတလေ - တစ်ခါတလေ	G10	Upper Secondary
လေ့ကျင့်ခန်း	( ၃ ) တစ်စေ့တစ်စောင်း - တစေ့တစောင်း	G10	Upper Secondary
လေ့ကျင့်ခန်း	( ၄ ) တစ်ထစ်ချ - တထစ်ချ	G10	Upper Secondary
လေ့ကျင့်ခန်း	( ၅ ) တစ် လုံး တစ် စည်း - တလုံး တစည်း	G10	Upper Secondary
လေ့ကျင့်ခန်း	( ၆ ) တကိုယ်ကောင်း - တစ် ကိုယ် ကောင်း	G10	Upper Secondary
လေ့ကျင့်ခန်း	( ၇ ) တခဲနက် - တစ်ခဲနက်	G10	Upper Secondary
လေ့ကျင့်ခန်း	( ၈ ) တခြမ်း - တစ် ခြမ်း	G10	Upper Secondary
လေ့ကျင့်ခန်း	( ၉ ) တပြိုင်နက် - တစ်ပြိုင်နက်	G10	Upper Secondary
လေ့ကျင့်ခန်း	( ၁၀ ) တစ် လျှောက် - တလျှောက်	G10	Upper Secondary
လေ့ကျင့်ခန်း	၂ ။ အသံ နှင့် အရေး ရောထွေး တတ် သော စကားလုံး များ ၏ စာလုံးပေါင်း သတ်ပုံ အမှန် ကို ရွေး ပါ ။	G10	Upper Secondary
လေ့ကျင့်ခန်း	( ၁ ) စ နဲ နာ - စနည်းနာ	G10	Upper Secondary
လေ့ကျင့်ခန်း	( ၂ ) မ ထုံ တက် တေး - မထုံတက်သေး	G10	Upper Secondary
လေ့ကျင့်ခန်း	( ၃ ) သန်ဘက်ခါ - သဘက်ခါ	G10	Upper Secondary
လေ့ကျင့်ခန်း	( ၄ ) ကိုယ် စ လှယ် - ကိုယ်စားလှယ်	G10	Upper Secondary
လေ့ကျင့်ခန်း	( ၅ ) ဇကော ဇ က - စ ကော စ က	G10	Upper Secondary
လေ့ကျင့်ခန်း	( ၆ ) စား မာန် ခုတ် - စမန် ခုတ်	G10	Upper Secondary
လေ့ကျင့်ခန်း	( ၇ ) စိစစ် - စီ စစ်	G10	Upper Secondary
လေ့ကျင့်ခန်း	( ၈ ) မြား - မျှား	G10	Upper Secondary
လေ့ကျင့်ခန်း	( ၉ ) ဆွဲ လဲ - ဆည်း လည်း	G10	Upper Secondary
လေ့ကျင့်ခန်း	( ၁ဝ ) ပြတင်းပေါက် - ပြူတင်းပေါက်	G10	Upper Secondary
လေ့ကျင့်ခန်း	၃ ။ အသတ် အသုံး အမှန် ကို ရွေး ပါ ။	G10	Upper Secondary
လေ့ကျင့်ခန်း	( ၁ ) တိတ်ခွေ - တိပ်ခွေ	G10	Upper Secondary
လေ့ကျင့်ခန်း	( ၂ ) ဥပုသ် - ဥ ပုဒ်	G10	Upper Secondary
လေ့ကျင့်ခန်း	( ၃ ) ပျက်သုန်း - ပျက်သုဉ်း	G10	Upper Secondary
လေ့ကျင့်ခန်း	( ၄ ) ဆုလာဒ် - ဆုလာဘ်	G10	Upper Secondary
လေ့ကျင့်ခန်း	( ၅ ) လွင့်စဉ် - လွင့်စင်	G10	Upper Secondary
လေ့ကျင့်ခန်း	( ၆ ) ခွဲ စိပ် - ခွဲစိတ်	G10	Upper Secondary
လေ့ကျင့်ခန်း	( ၇ ) အခမ်းအနား - အခန်း အနား	G10	Upper Secondary
လေ့ကျင့်ခန်း	( ၈ ) ထုတ်ဝေ - ထုပ် ဝေ	G10	Upper Secondary
လေ့ကျင့်ခန်း	( ၉ ) အမြင် ကပ် - အမြင်ကတ်	G10	Upper Secondary
လေ့ကျင့်ခန်း	( ၁ဝ ) ပုတ်သိုး - ပုပ်သိုး	G10	Upper Secondary
လေ့ကျင့်ခန်း	၄ ။ ဟ ထိုး အသုံး အမှန် ကို ရွေး ပါ ။	G10	Upper Secondary
လေ့ကျင့်ခန်း	( ၁ ) လက်လှမ်းမီ - လက်လှမ်းမှီ	G10	Upper Secondary
လေ့ကျင့်ခန်း	( ၂ ) လျှောက် ပတ် - လျောက်ပတ်	G10	Upper Secondary
လေ့ကျင့်ခန်း	( ၃ ) လျင်မြန် - လျှင် မြန်	G10	Upper Secondary
လေ့ကျင့်ခန်း	( ၄ ) သွား လျှက် လာ လျှက် - သွား လျက် လာ လျက်	G10	Upper Secondary
လေ့ကျင့်ခန်း	( ၅ ) အလျှဉ် မှီ - အလျဉ် မီ	G10	Upper Secondary
လေ့ကျင့်ခန်း	( ၆ ) မှင်အိုး - မင်အိုး	G10	Upper Secondary
လေ့ကျင့်ခန်း	( ၇ ) အမွေးအမျှင် - အမွေးအမှင်	G10	Upper Secondary
လေ့ကျင့်ခန်း	( ၈ ) ကောက် နှုတ် - ကောက်နုတ်	G10	Upper Secondary
လေ့ကျင့်ခန်း	( ၉ ) မူး မတ် - မှူးမတ်	G10	Upper Secondary
လေ့ကျင့်ခန်း	( ၁၀ ) ထုတ် နှုတ် - ထုတ်နုတ်	G10	Upper Secondary
လေ့ကျင့်ခန်း	၅ ။ စာလုံးပေါင်း အမှန် ရွေး ပေး ပါ ။	G10	Upper Secondary
လေ့ကျင့်ခန်း	( ၁ ) ကျောင်း ကို အချိန် ( မီ ၊ မှီ ) ရောင် ချင် ပေ မဲ့ ရ ထား ချိန် မ ( မီ ၊ မှီ ) လိုက် ( ဖူး ၊ ဘူး ) ။	G10	Upper Secondary
လေ့ကျင့်ခန်း	( ၂ ) ဟို နား က တိုင် ကို ( မီ ၊ မှီ ) ပြီး ရပ် နေ တာ ( တ ၊ တစ် ) ခါ က ဆိုး ( ကာ ၊ ခါ ) မိုက် ( ခါ ၊ ကာ ) နေ လာ ခဲ့ တဲ့ လူ မိုက် ကြီး ပေါ့ ။ ကြီး ( ခါ ၊ ကာ ) မှ	G10	Upper Secondary
လေ့ကျင့်ခန်း	( ၃ ) မ ကြာ ( မီ ၊ မှီ ) ရုံ တင် တော့ မဲ့ ရုပ်ရှင် ကား မှာ ( ထုတ်ဝေ ၊ ထုပ် ဝေ ) သူ က မင်း သား ကိုယ်တိုင် ( ပဲ ၊ ဘဲ ) ။ ( ခုနစ် ၊ ခုနှစ် ) ရက် ( ခုနစ် ၊ ခုနှစ် ) လီ အောင် ပွဲ ခံ ခဲ့ တဲ့ စံချိန် ( မီ ၊ မှီ ) ကား ဆို ပေ မယ့် ( မီ ၊ မှီ ) ငြမ်း ထား တဲ့ ဇာတ် ခန်း အချို့ ပါ နေ တယ် လို့ ( တထစ်ချ ၊ တစ်ထစ်ချ ) ပြော ဆို နေ ( ကျ ၊ ကြ ) တယ် ။	G10	Upper Secondary
လေ့ကျင့်ခန်း	( ၄ ) ထမင်း ( စား နေ တုံး ၊ စား နေ တုန်း ) မှာ ( ဝယ် နေ ကျ ၊ ဝယ် နေ ကြ ) ဖောက် သည် တွေ လာ တော့ ( ဖြည်းဖြည်း ၊ ဖြေးဖြေး ) စား လို့ မ ရ တော့ ( ဘူး ၊ ဖူး ) ။ ( မင် ၊ မှင် ) အိုး နဲ့ ငါး ( မြား ၊ မျှား ) တံ လာ ဝယ် တာ ။ ( မြား ၊ မျှား ) ပြ ထား တဲ့ နေ ရာ မှာ ( ပဲ ၊ ဘဲ ) ( မျှား ၊ မြား ) ကြ ဖို့ ကို သတိပေး လိုက် ရ တယ် ။ ( မ သိ လိုက် မ သိ ဖာ သာ ၊ မ သိ လိုက် မ သိ ဘာသာ ) နေ လိုက် ရင် ရ ပေ မဲ့ ( ဒဏ် ၊ ဒါ ဏ် ) ငွေ ဆောင် နေ ရ မှာ စိုး လို့ သတိပေး လိုက် တာ ပါ ။	G10	Upper Secondary
လေ့ကျင့်ခန်း	( ၅ ) ( တ ၊ တစ် ) ကယ် တမ်း ပြော ရ ရင် သူ့ မွေးနေ့ အတွက် အမှတ် ( တစ် ၊ တ ) ရ လက်ဆောင် ( စိတ် ၊ စိပ် ) ( ပ တီး ၊ ပုတီး ) ( တ ၊ တစ် ) ကုံး ဝယ် ဖို့ စိတ်ကူး ( ဖူး ၊ ဘူး ) တယ် ။ ဒါပေမဲ့ မ ဝယ် ဖြစ် ခဲ့ ပါ ( ဖူး ၊ ဘူး ) ။	G10	Upper Secondary
ဝါကျဖွဲ့ထုံး မှန်ကန် ခြင်း	စကားပြေ ရေး ရာ တွင် ပထမဆုံး လုပ် ရ သည့် အလုပ် မှာ ရေး လို သည့် အကြောင်း ကို ဝါကျ ဖွဲ့ ရ ခြင်း ပင် ဖြစ် သည် ။ အနည်းဆုံး မိမိ ဖော်ပြ ချင် သော အချက် တစ် ချက် ပြည့်စုံ အောင် ဝါကျ တစ် ခု မ ဖွဲ့ မ ဖြစ် ဖွဲ့ ရ ပါ လိမ့် မည် ။ ဝါကျ တစ် ခု ပြီး ဆုံး မှ ဆို လို သည့် အချက် တစ် ချက် အဓိပ္ပာယ် ပြည့်စုံ ပါ လိမ့် မည် ။ ဝါကျ ဖွဲ့ ရာ ၌ စကားလုံး များ ကို ဘာသာ စကား ဖွဲ့ထုံး စည်းကမ်း နှင့် အညီ အစီစဉ် တ ကျ ဖွဲ့စည်း မှ ဝါကျ တစ် ခု ဖြစ် လာ မည် ။	G10	Upper Secondary
ဝါကျဖွဲ့ထုံး မှန်ကန် ခြင်း	စကားလုံး များ ကို ထား ချင် သလို ထား ၍ ဝါကျ မ ဖြစ် ပါ ။	G10	Upper Secondary
ဝါကျဖွဲ့ထုံး မှန်ကန် ခြင်း	" ခွေး ကြောင် ကိုက် သည် ကို " က ဝါကျ မ ဖြစ် ဘဲ " ကြောင် ကို ခွေး ကိုက် သည် " ဟု ရေး မှ ဝါကျ ဖြစ် ရ ခြင်း မှာ ထို သဘော ပင် ဖြစ် သည် ။ ထို့ကြောင့် ဝါကျ ဖွဲ့ ရာ တွင် ပါ ဝင် သည့် စကားလုံး အစီအစဉ် သည် အလွန် အရေး ပါ ပါ သည် ။	G10	Upper Secondary
ဝါကျဖွဲ့ထုံး မှန်ကန် ခြင်း	ပုဒ် အထားအသို	G10	Upper Secondary
ဝါကျဖွဲ့ထုံး မှန်ကန် ခြင်း	ဝါကျ အတွင်း ပုဒ် အထားအသို ပြောင်း လျှင် အဓိပ္ပာယ် လည်း ပြောင်း တတ် ပါ သည် ။ ပုဒ် အထားအသို ကြောင့် အဓိပ္ပာယ် နှစ် ခွ ထွက် ခြင်း ၊ အဓိပ္ပာယ် ပြောင်း ခြင်း တို့ ဖြစ် ရ သည် ။ ထို သို့ ဖြစ် ရ သည့် အဓိက အကြောင်း မှာ ဆိုင်ရာ ဆိုင်ရာ ပုဒ် စု နှင့် နီးနီးကပ်ကပ် မ ထား သည့် အတွက် ဖြစ် ပါ သည် ။	G10	Upper Secondary
ဝါကျဖွဲ့ထုံး မှန်ကန် ခြင်း	၁ ။ နာမ် အထူး ပြု ကို သက်ဆိုင်ရာ နာမ် နှင့် နီးနီးကပ်ကပ် ထား လျှင် အဓိပ္ပာယ် မ ရှုပ် နိုင် ပါ ။	G10	Upper Secondary
ဝါကျဖွဲ့ထုံး မှန်ကန် ခြင်း	" အေးချမ်း သော မြို့ ကလေး ၏ ဆင်ခြေဖုံး ရပ်ကွက် " ဟု ရေး လျှင် မြို့ ကလေး အေးချမ်း သည် ဟု အဓိပ္ပာယ် ရ ပြီး " မြို့ ကလေး ၏ အေး ခြမ်း သော ဆင်ခြေဖုံး ရပ်ကွက် " ဟု ရေး လျှင် ဆင်ခြေဖုံး ရပ်ကွက် က အေးချမ်း သည် ဟု အဓိပ္ပာယ် ရ လိမ့် မည် ။	G10	Upper Secondary
ဝါကျဖွဲ့ထုံး မှန်ကန် ခြင်း	၂ ။ ကြိယာ အထူး ပြု ကို သက်ဆိုင်ရာ ကြိယာ နှင့် နီးနီးကပ်ကပ် ထား လျှင် အဓိပ္ပာယ် မ ရှုပ် နိုင် ပါ ။	G10	Upper Secondary
ဝါကျဖွဲ့ထုံး မှန်ကန် ခြင်း	သာ မ က - " စာသင်ခန်း ထဲ တွင် ရန် မ ဖြစ် ကြ ရန် ဆုံးမ ၏ " ဟု ရေး လျှင် စာသင်ခန်း သည် ရန် မ ဖြစ် ရ မည့် နေ ရာ ဖြစ် ကြောင်း ဖော်ပြ ရာ ရောက် ပြီး " ရန် မ ဖြစ် ကြ ရန် စာသင်ခန်း ထဲ တွင် ဆုံးမ ၏ ။ " ဟု ရေး လျှင် စာသင်ခန်း သည် ဆုံးမ သည့် နေ ရာ ဖြစ် ကြောင်း ဖော်ပြ ရာ ရောက် သည် ။	G10	Upper Secondary
ဝါကျဖွဲ့ထုံး မှန်ကန် ခြင်း	၃ ။ ကတ္တား နှင့် သက်ဆိုင်ရာ ကြိယာ တို့ ဝေး နေ လျှင် အဓိပ္ပာယ် ရှုပ် တတ် သည် ။	G10	Upper Secondary
ဝါကျဖွဲ့ထုံး မှန်ကန် ခြင်း	သာဓက - " လပြည့်ဝန်း စာပေ တိုက် က ကလေး စာပေ များ ကို ထုတ်ဝေ ရန် စီစဉ် လျက် ရှိ သည် ။ " ဟူ သည့် ဝါကျ သည် " လပြည့်ဝန်း စာပေ တိုက် က ကလေး စာပေ များ ကို ထုတ်ဝေ ရန် စီစဉ် နေ သည် ။ " ဟု အဓိပ္ပာယ် ရ နေ ပါ သည် ။ ထို ဝါကျ ၌ လပြည့်ဝန်း စာပေ တိုက် သည် ကတ္တား ဖြစ် သည် ။ ကတ္တား သည် သူ နှင့် သက်ဆိုင် သည့် ကြိယာ နှင့် နီးနီးကပ်ကပ် ရှိ ရ မည် ဖြစ် သည် ။ ကြိယာ ၏ ရှေ့ ၌ မ ရှိ ဘဲ ကလေး စာပေ ဟူ သည့် နာမ် ပုဒ် စု ရှေ့ ၌ ရှိ နေ သည့် အတွက် အဓိပ္ပာယ် လွဲချော် ကုန် ပါ သည် ။ ကတ္တား ကို ကြိယာ ၏ ရှေ့ ၌ ထား ၍ " ကလေး စာပေ များ ကို ထုတ်ဝေ ရန် လပြည့်ဝန်း စာပေ တိုက် က စီစဉ် လျက် ရှိ သည် ။ " ဟု ရေး သား မှ ဆို လို ချင် သည့် အဓိပ္ပာယ် သို့ ရောက် မည် ဖြစ် သည် ။	G10	Upper Secondary
ဝါကျဖွဲ့ထုံး မှန်ကန် ခြင်း	၄ ။ ကံ နှင့် ကြိယာ တို့ ဝေး နေ လျှင် လည်း အဓိပ္ပာယ် ရှုပ် တတ် ပါ သည် ။	G10	Upper Secondary
ဝါကျဖွဲ့ထုံး မှန်ကန် ခြင်း	သာဓက -	G10	Upper Secondary
ဝါကျဖွဲ့ထုံး မှန်ကန် ခြင်း	" ဆိုင် မှ ပစ္စည်း များ ပျောက်ဆုံး သွား သည့် အတွက် ဆိုင် မန်နေဂျာ ကို အရေးယူ ရန် တိုင်ကြား သည် ။ " ဟူသော ဝါကျ တွင် မန်နေဂျာ သည် အရေးယူ ခံ ရ မည့် သူ ဖြစ် သွား ရ ခြင်း မှာ " ဆိုင် မန်နေဂျာ ကို " ဟူသော ကံ နှင့် " အရေးယူ ရန် " ဟူသော ကြိယာ တို့ ကပ် နေ သော ကြောင့် ဖြစ် ပါ သည် ။ မန်နေဂျာ မှာ အရေးယူ ခံ ရ မည့် သူ မ ဟုတ် ဘဲ ဆိုင် ဝန်ထမ်း ကို အရေးယူ ရန် တိုင်ကြား ခံ ရ မည့် ပုဂ္ဂိုလ် သာ ဖြစ် သည် ဆို လျှင် မူ " ဆိုင် မန်နေဂျာ ကို " ဟူသော ကံ ကို " တိုင်ကြား သည် " ဟူသော ကြိယာ နှင့် ကပ် ထား ရ ပါ မည် ။ ကံ ကို သက်ဆိုင်ရာ ကြိယာ နှင့် နီးနီးကပ်ကပ် ထား ၍ " ဆိုင် မှ ပစ္စည်း များ ပျောက်ဆုံး သွား သည့် အတွက် အရေးယူ ရန် ဆိုင် မန်နေဂျာ ကို တိုင်ကြား သည် ။ " ဟု ရေး မှ ဆို လို ချင် သည့် အဓိပ္ပာယ် ရောက် မည် ဖြစ် သည် ။	G10	Upper Secondary
လေ့ကျင့်ခန်း	၁ ။ အောက် ပါ ဝါကျ အသီးသီး ရှိ က တ္ ထား ကို အထားအသို အစီအစဉ် သင့် အောင် ပြင် ဖွဲ့ ပါ ။	G10	Upper Secondary
လေ့ကျင့်ခန်း	( ၁ ) ဖိုး သာ အောင် က တွေ့ ရာ ကို ချို ဖြင့် လိုက်လံ ခတ် ကာ ရွာသား များ ကို အနှောင့်အယှက် ပေး နေ သော ကျွဲရိုင်း ကို ဖမ်းဆီး လိုက် သည် ။	G10	Upper Secondary
လေ့ကျင့်ခန်း	( ၂ ) ဆရာဝန် ကြီး များ က ဆေးလိပ် ကို အလွန်အကျွံ သောက် ၍ အဆုတ် ရောဂါ ဖြစ် ကြ သဖြင့် ဆေးလိပ် ကို မ သောက် ကြ ရန် တားမြစ် ကြ သည် ။	G10	Upper Secondary
လေ့ကျင့်ခန်း	( ၃ ) ဒိုင်လူကြီး များ က ကြမ်းတမ်း စွာ က စား သည့် အပြင် ပြိုင်ဘက် ကစားသမား များ ကို ရန် စ တတ် သော ဘောလုံးသမား ဖိုးတုတ် ကို ပြင်းထန် စွာ သတိပေး လိုက် သည် ။	G10	Upper Secondary
လေ့ကျင့်ခန်း	၂ ။ အောက် ပါ ဝါကျ အသီးသီး ရှိ နာမ် အထူး ပြု ပုဒ် များ နှင့် ကြိယာ အထူး ပြု ပုဒ် များ ၏ အထားအသို အစီအစဉ် သင့် အောင် ပြင် ဖွဲ့ ပေး ပါ ။	G10	Upper Secondary
လေ့ကျင့်ခန်း	( ၁ ) ကျွန်တော် သည် မော်လမြိုင် က ဆရာ ကို ဒူးရင်းသီး ဖြင့် ကန် တော့ သည် ။	G10	Upper Secondary
လေ့ကျင့်ခန်း	( ၂ ) မ လှ သည် မ မြ အား ယမန် နှစ် က သဇင်ပန်း များ ကို လက်ဆောင် အဖြစ် ပေး သည် ။	G10	Upper Secondary
လေ့ကျင့်ခန်း	( ၃ ) မ မ သည် အပ်ချည် နှင့် ခ ရေ ပွင့် များ ကို သီ သည် ။	G10	Upper Secondary
လေ့ကျင့်ခန်း	( ၄ ) ၁၀ ကြိမ်မြောက် ရပ်ကွက် လူငယ် များ စာကြည့်တိုက် ၏ စာပေ ဟောပြောပွဲ ကို ယခု နှစ် တွင် ကျင်းပ မည် ။	G10	Upper Secondary
လေ့ကျင့်ခန်း	( ၅ ) ကျွန်တော် သည် သစ်ပင် ပေါ် က လယ်ကွင်း များ ကို လှမ်း မြင် ရ သည် ။	G10	Upper Secondary
လေ့ကျင့်ခန်း	၃ ။ အောက် ပါ ဝါကျ များ ကို အထားအသို မှန်ကန် အောင် စီစဉ် ပါ ။	G10	Upper Secondary
လေ့ကျင့်ခန်း	( ၁ ) ဆရာ ကြီး က ကျောင်း မှန် မှန် မ တက် သည့် အတွက် ကျောင်းသား များ ကျောင်း ကို မှန် မှန် တက် ကြ ရန် သတိပေး သည် ။	G10	Upper Secondary
လေ့ကျင့်ခန်း	( ၂ ) ဖေဖေ က ချော် လဲ ၍ ခြေထောက် နာ နေ သဖြင့် ငို နေ သော ဖိုးဇော် ကို အငိုတိတ် အောင် ချော့ နေ သည် ။	G10	Upper Secondary
လေ့ကျင့်ခန်း	( ၃ ) ပုံပြင် အလွန် ကြိုက် သော မေမေ က မောင် လေး ကို ပုံ ပြ င ပြော ၍ သိပ် နေ သည် ။	G10	Upper Secondary
လေ့ကျင့်ခန်း	( ၄ ) အေးချမ်း လှ သော ကျွန်တော့် ကို ကို သည် မေ မြို့ တွင် နေ ထိုင် သည် ။	G10	Upper Secondary
လေ့ကျင့်ခန်း	( ၅ ) အသက် ၁ဝဝ ကျော် ပြီ ဖြစ် သော ဖေဖေ သည် ဘွားဘွား ၏ အချစ်ဆုံး သား ဖြစ် သည် ။	G10	Upper Secondary
လေ့ကျင့်ခန်း	၄ ။ အောက် ပါ ဝါကျ များ ကို မည် သည့် ပုဒ် အထားအသို မှာ ကြောင် ဖော်ပြ ၍ ပုဒ် အထားအသို မှန် အောင် ပြန် စဉ် ၍ ရေး သား ပါ ။	G10	Upper Secondary
လေ့ကျင့်ခန်း	( ၁ ) မေမေ သည် အိပ်ခန်း ထဲ တွင် ရန် မ ဖြစ် ရန် သား သမီး များ ကို ဆုံးမ သည် ။	G10	Upper Secondary
လေ့ကျင့်ခန်း	( ၂ ) လှပ သော မမ ၏ အရုပ် လေး မှာ သူ ၏ ဖေဖေ က မွေးနေ့ လက်ဆောင် အဖြစ် ပေး ထား ခြင်း ဖြစ် သည် ။	G10	Upper Secondary
လေ့ကျင့်ခန်း	( ၃ ) အိမ်စာ မ ပြီး သေး သော ကြောင့် စိုးရိမ် နေ သော မေမေ သည် မောင် လေး ကို အိမ် စာ ကူ လုပ် ပေး မည့် အကြောင်း နှစ်သိမ့် နေ သည် ။	G10	Upper Secondary
လေ့ကျင့်ခန်း	( ၄ ) လှပ သော ဆရာ ကြီး မှာ သမီး တစ် ယောက် ရှိ သည် ။	G10	Upper Secondary
လေ့ကျင့်ခန်း	( ၅ ) ညီလေး သည် ခြင်း ထဲ မှ အစ်ကို ကြီး အား အဝတ် များ ကို ကူ သိမ်း ပေး နေ သည် ။	G10	Upper Secondary
လေ့ကျင့်ခန်း	၅ ။ ပေး ထား သည့် ပုဒ် စု များ ကို အထားအသို မှန် သည့် ဝါကျ တစ် ကြောင်း ဖြစ် အောင် စဉ် ပါ ။	G10	Upper Secondary
လေ့ကျင့်ခန်း	( ၁ ) ခူး သည် ကြာပန်း ကို လှေ ပေါ် က	G10	Upper Secondary
လေ့ကျင့်ခန်း	( ၂ ) ဆုံးမ သည် လိမ် မ ပြော ရန် တပည့် များ ကို စာသင်ခန်း တွင် ဆရာ က	G10	Upper Secondary
လေ့ကျင့်ခန်း	( ၃ ) တပည့် ကို ချစ် သည် လိမ္မာ သော ဆရာ သည်	G10	Upper Secondary
လေ့ကျင့်ခန်း	( ၄ ) အိမ် ပေါ် က ခေါ် သည် မုန့် သည် ကို ကျွန်တော် သည်	G10	Upper Secondary
လေ့ကျင့်ခန်း	( ၅ ) ဖက် ရွက် နှင့် မေမေ သည် ထုပ် သည် မုန့် ဖတ် များ ကို	G10	Upper Secondary
အခန်း - ၂ စာ ပုံစံ အမျိုးမျိုး	စာ ရေး သား ရာ တွင် စာ ပုံစံ အမျိုးမျိုး ရှိ ပါ သည် ။ စာ ပုံစံ အမျိုးမျိုး ရေး ရာ တွင် အရေး စကားပြေ ဖြင့် လည်း ရေး ကြ သည် ။ အပြော စကားပြေ ဖြင့် လည်း ရေး ကြ သည် ။	G10	Upper Secondary
အခန်း - ၂ စာ ပုံစံ အမျိုးမျိုး	အရေး စကားပြေ မှာ ရေး ဟန် ဖြင့် ရေး သော စာ မျိုး ဖြစ် သည် ။ အပြော စကားပြေ မှာ အပြော သုံး စကား ၊ ပြော ဟန် ဝါကျ များ ဖြင့် ရေး သား သော ဆွေးနွေး ချက် ၊ မိန့်ခွန်း ၊ ဝတ္ထု ၊ ပြဇာတ် စ သည့် စာ မျိုး ဖြစ် သည် ။	G10	Upper Secondary
အခန်း - ၂ စာ ပုံစံ အမျိုးမျိုး	အရေး စကားပြေ သည် စာ ဟန် ပေ ဟန် ဖြင့် အစဉ်အဆက် ရေး သား လာ သော စကားပြေ မျိုး ဖြစ် သည့် အတွက် စာသံပေသံ ပါ ပြီး လေးနက် ခံ့ညား သည် ဟု ယူဆ ကြ သည် ။ ထို ကြောင့် လူ ကြီး ၊ မိဘ ၊ အထက် အရာ ရှိ စသည် တို့ ထံ ရေး သော ပေး စာ များ ၊ အစီရင်ခံစာ များ ၊ လုပ်ငန်း သဘော အရ ရေး သား သော စာ များ ၊ မှတ်တမ်း များ ၊ စာပေ ကျမ်းဂန် များ ကို အရေး စကားပြေ ဖြင့် ရေး လေ့ ရှိ ကြ သည် ။	G10	Upper Secondary
အခန်း - ၂ စာ ပုံစံ အမျိုးမျိုး	အပြော စ ကာ ပြေ မှာ မူ နေ့စဥ် ပြော ဆို နေ ကြ သော စကား ပြော ဆို ပုံ အတိုင်း ပြေပြစ် အောင် စီ စဥ် ရေး သား ထား ခြင်း ဖြစ် သည့် အတွက် အပြော နှင့် နီးစပ် ပြီး ပေါ့ ပါး သွက်လက် သည် ။ ထို့ကြောင့် စကား ပြော ဟန် အတိုင်း ရေး သော ပေး စာ များ ၊ ပြော စကား များ ကို အပြော စကားပြေ ဖြင့် ရေး လေ့ ရှိ သည် ။ ဤ သို့ အား ဖြင့် စာ ပုံစံ အမျိုးမျိုး ရေး နည်း များ ကို တင်ပြ ထား ပါ သည် ။	G10	Upper Secondary
ပေး စာ	မိတ်ဆွေ အချင်းချင်း ၊ မိဘ နှင့် သား သမီး ၊ ဆရာ နှင့် တပည့် ၊ အလုပ် ရှင် နှင့် အလုပ် လျှောက် သူ စသည် အချင်းချင်း ဆက်ဆံ ရာ ၌ အပြန်အလှန် စာ ပေး စာ ယူ ပြု ခြင်း သည် အရေး ပါ သော လူ မှု ရေး လုပ်ငန်း တစ် ရပ် ဖြစ် ၏ ။ ကျွန်ုပ် တို့ သည် နေ့စဉ် လို ပင် တွေ့ဆုံ ဆက်ဆံ ၍ မ ဖြစ် နိုင် သော ကိစ္စ များ အတွက် စာ များ အပြန်အလှန် ပေး ပို့ ဆက်ဆံ ကြ ရ သည် ။ ထို့ကြောင့် လူ တိုင်း ပင် စာ များ အပြန်အလှန် ရေး တတ် ရန် လေ့ကျင့် အပ် သည် ။ စာ ပါ အကြောင်းအရာ စာ ပေး ပို့ သူ နှင့် စာ ၏ ရည်ရွယ် ချက် ကို လိုက် ၍ ပေး စာ များ ကို အမျိုးမျိုး ခွဲခြား နိုင် ၏ ။ အဓိက အား ဖြင့် ပေး စာ နှစ် မျိုး ရှိ ၏ ။ ( ၁ ) လူ မှု ရေး သဘော သက်ဝင် သော ပေး စာ များ ( ၂ ) လုပ်ငန်း သဘော သက်ဝင် သော ပေး စာ များ	G10	Upper Secondary
ပေး စာ ရေး နည်း ပုံစံ	စနစ် ကျ သော ပေး စာ များ မှာ ပုံစံ ရှိ ၏ ။ ပေး စာ တစ် စောင် ၌ ပါ ဝင် အပ် သော အင်္ဂါ ရပ် များ နှင့် ပြည့်စုံ ရ ၏ ။ ထို့ကြောင့် အပြန်အလှန် ပေး စာ များ သည် အောက် ပါ အင်္ဂါ ရပ် များ နှင့် ပြည့်စုံ သော ပုံစံ မျိုး ဖြစ် ရ မည် ။	G10	Upper Secondary
ပေး စာ ရေး နည်း ပုံစံ	( က ) ခေါင်းစဉ် စာတန်း ။ ။ စာ တစ် စောင် ၏ ခေါင်း စဥ် စာတန်း သည် စာ ရေး သူ ၏ နေ ရပ် နှင့် စာ ရေး သည့် ရက်စွဲ ကို ဖော်ပြ သော အစိတ်အပိုင်း ဖြစ် ၏ ။ စာ ၌ ပထမ မျက်နှာ လက်ယာ ဘ က ထိပ်ဆုံး ၌ တည် ရှိ ရ သည် ။	G10	Upper Secondary
ပေး စာ ရေး နည်း ပုံစံ	( ခ ) နှုတ်ခွန်းဆက် ။ ။ နှုတ်ခွန်းဆက် မှာ စာ ပေး ပို့ သူ နှင့် စပ်လျဥ်း ၍ အမျိုးမျိုး ပြောင်းလဲ သုံးစွဲ ရ သည် ။ ( မိမိ ထက် ရာထူး ဂုဏ်ထူး ကြီး သော ပုဂ္ဂိုလ် များ နှင့် ဆက်ဆံ ရာ ၌ လည် ကောင်း ၊ အလုပ် သဘော ဆက်ဆံ ရာ ၌ လည် ကောင်း ၊ " လူ ကြီး မင်း ခင်ဗျား ၊ " " ဆရာ ကြီး ခင်ဗျား " ၊ " အတန်းပိုင် ဆရာ ခင်ဗျား " စ သည့် နှုတ်ခွန်းဆက် စကား များ ကို သုံး ရ မည် ။ နှုတ်ခွန်းဆက် စကား သည် စာ ကို မ စ မီ ပထမ စာ ကြောင်း ၏ လက်ဝဲ ဘက် အစွန်း ၌ ရှိ ၏ ။ )	G10	Upper Secondary
ပေး စာ ရေး နည်း ပုံစံ	(ဂ) စာ ကိုယ် ။ ။ စာ ကိုယ် ဆို သည် မှာ ရေး သား လို သော စာ ပါ အကြောင်းအရာ ကို ဆို လို သည် ။ စာ ကိုယ် တွင် အောက် ပါ အချက်အလက် များ ကို လိုက်နာ ရေး သား ပါ ။	G10	Upper Secondary
ပေး စာ ရေး နည်း ပုံစံ	( ၁ ) စာ ရေး ဟန် ။ ။ ရင်းနှီး သော မိတ်ဆွေ ချင်း ရေး သား သော စာ များ နှင့် မိမိ ထက် ဂုဏ်ထူး ၊ ရာထူး အသက် ဝါ ကြီး ရင့် သူ များ ထံ ရေး သား သော စာ များ သည် အကြောင်းအရာ ချင်း တူ စေကာမူ ရေး ဟန် မ တူ နိုင် ချေ ။ မိတ်ဆွေ ချင်း ရေး ရာ ၌ စကား ပြော သကဲ့သို့ ရေး နိုင် ၏ ။ ဂုဏ်ထူး ရာထူး ကြီး မြင့် သူ များ ထံ ရေး သော စာ နှင့် အလုပ် သဘော သက်ဝင် သော ပေး စာ များ ၌ စကား ပြော သကဲ့သို့ မ ရေး ရ ။ စာ ရေး သား ဟန် သက်သက် ဖြင့် ရေး သည် ။	G10	Upper Secondary
ပေး စာ ရေး နည်း ပုံစံ	( ၂ ) အကြောင်းအရာ အချက်အလက် ကို လိုက် ၍ စာပိုဒ် ခွဲ ပါ ။	G10	Upper Secondary
ပေး စာ ရေး နည်း ပုံစံ	( ၃ ) လွယ်ကူ ရှင်းလင်း ၍ သိ သာ လွယ် သော စကား များ ကို သုံး ပါ ။	G10	Upper Secondary
ပေး စာ ရေး နည်း ပုံစံ	( ၄ ) မိမိ ဖော်ပြ လို သော အချက်အလက် အလုံးစုံ ပါ ဝင် အောင် ရေး သား ပါ ။	G10	Upper Secondary
ပေး စာ ရေး နည်း ပုံစံ	( ၅ ) ပေး စာ ရေး ရာ ၌ သေသပ် သန့်ရှင်း မှု ကို အထူး ဂရုပြု ပါ ။	G10	Upper Secondary
ပေး စာ ရေး နည်း ပုံစံ	( ၆ ) စကား အဖြတ်အတောက် ၊ ဝါကျ အဖြတ်အတောက် များ ကို ဂရုပြု ၍ ရေး သား ပါ ။	G10	Upper Secondary
ပေး စာ ရေး နည်း ပုံစံ	(ဃ) ဆုတောင်း စကား နှင့် နိဂုံး နှုတ်ဆက် စကား ။ ။ အချို့ စာ များ ၌ ဆုတောင်း စကား များ ဖြင့် မိမိ စာ ကို အဆုံးသတ် ရေး သား ကြ ၏ ။ ဆုတောင်း စကား မှာ မိမိ နှစ်သက် ရာ ဆုတောင်း ကို အသုံးပြု နိုင် ၏ ။ ( အလုပ် လျှောက်လွှာ ၊ ခွင့် တိုင် စာ မျိုး ၌ ဆုတောင်း စကား မ လို ပေ ။ )	G10	Upper Secondary
ပေး စာ ရေး နည်း ပုံစံ	ပေး စာ ကို တုံးတိတိ ဖြစ် ၍ အဆုံး မ သတ် သင့် ပေ ။ စာ ရေး သူ အပေါ် ၌ ထား ရှိ သော မိမိ ၏ သဘောထား ကို အတိုဆုံး အသုံးအနှုန်း ဖြင့် ပြသ ရ သည် ။ ထို နှုတ်ဆက် စကား ကို နိဂုံး နှုတ်ဆက် စကား ဟု ခေါ် သည် ။ ထို စကား မှာ မိမိ လက်မှတ် ၏ အထက် နား တွင် ရှိ ရ သည် ။ (င) လက်မှတ် ။ ။ စာ အဆုံး တွင် စာ ရေး သူ ၏ လက်မှတ် ရေး ထိုး ရ မည် ။ လတ် မှတ် မှာ စာ အဆုံး လက်ယာ ဘက် ထောင့် တွင် ရှိ ရ မည် ။ လက်မှတ် အောက် ၌ မိမိ အမည် ကို ကွင်း သွင်း ဖော်ပြ နိုင် လျှင် ပို ၍ ကောင်း ၏ ။	G10	Upper Secondary
ပေး စာ ရေး နည်း ပုံစံ	( စ ) လိပ်စာ ။ ။ လိပ်စာ ကို စနစ်တကျ ရေး တတ် ရန် များ စွာ လို သည် ။ ပေး စာ စာအိတ် ၌ လက်ယာ ဘက် ထောင့်စွန်း တွင် ( လိုအပ် လျှင် ) တံဆိပ်ခေါင်း ကပ် ရ မည် ။ လိပ်စာ ကို လက်ဝဲ ဘက် မှ စ ၍ ရေး ရ သည် ။ လိပ်စာ ရေး ရာ ၌ အမည် ၊ ရာထူး ၊ နေ ရပ် ၊ မြို့ နှင့် ( လိုအပ် လျှင် ) ခရိုင် ၊ ဒေသ စသည် တို့ ကို ပါ ဖော်ပြ ရ မည် ။	G10	Upper Secondary
ပေး စာ	၃ ၃ ၊ ဘုရင့်နောင် လမ်း ချောက် မြို့ ။ ၂၀၂၀ ပြည့် နှစ် ၊ ဧပြီ လ ၁၇ ရက် ။ သူငယ်ချင်း ဖိုး ခင် ညို	G10	Upper Secondary
ပေး စာ	စာမေးပွဲ တွေ ပြီး လို့ ကျောင်း ပိတ် တာ နဲ့ ချောက် မြို့ ကို မင်း ပြန် လာ မ လား လို့ ငါ မျှော်လင့် ခဲ့ သေး တယ် ။ သင်္ကြန် မ တိုင် ခင် မင်း ဆီ က စာ ရ မှ ပဲ စာမေးပွဲ အောင် စာရင်း ထွက် ပြီး တဲ့ နောက် မှ မင်း ပြန် လာ မယ် ဆို တာ သိ ရ တယ် ။ ငါ တော့ မင်း နဲ့ ခွဲခွာ နေ ရ တာ မို့ မင်း ပြန် လာ ရင် သင်္ကြန် တွင်း မှာ အတူတူ ပျော် လိုက် မ ဟဲ့ လို့ အား ခဲ ထား တာ အလကား ဖြစ် သွား တာ ပေါ့ ။	G10	Upper Secondary
ပေး စာ	အထူးသဖြင့် သင်္ကြန် တွင်း မှာ မင်း ကို ပို ပြီး သတိရ တယ် ဖိုး ခင် ညို ရာ ။ ဟိုး လွန် ခဲ့ တဲ့ နှစ် က ဆို ရင် မင်း တို့ ငါ တို့ တစ် တွေ ရေနံချောင်း သွား ပြီး ရေ က စား ကြ သေး တယ် ။ မင်း မှတ်မိ သေး တယ် မ ဟုတ် လား ။ ဩဇာ တော နား မှာ မော်တော်ကား ဘီး ပေါက် လို့ စိတ်ညစ် ရ တာ က လွဲ ရင် တို့ တစ် တွေ ပျော် ခဲ့ ကြ တယ် မ ဟုတ် လား ကွ ။	G10	Upper Secondary
ပေး စာ	ဒီ နှစ် တော့ ငါ တို့ တစ် တွေ ပုပ္ပား သွား ကြ တယ် ။ ငါ ဖြင့် မင်း ကို သိပ် သတိရ တာ ပဲ ။ ဒီ နှစ် ပုပ္ပား ရေ သဘင် ဟာ အစည်ကားဆုံး ပဲ ဖိုး ခင် ညို ရေ ။ တောင် သာ က ကား တွေ တောင် လာ ကြ တယ် ။ ရေ ထွက် ပေါက် နား မှာ အများဆုံး ရေ က စား ကြ တာ ပေါ့ ။ ရေ က စား ရ တာ ထက် တောင် ကလပ် တက် ရ တာ က ပို ပျော် စရာ ကောင်း သေး တယ် ။ ညနေစောင်း မှာ ပုပ္ပား က ပြန် လာ ခဲ့ တာ ည နေ ၆ နာရီ လောက် မှ ချောက် ကို ရောက် ကြ တယ် ။ အတက် နေ့ မှာ တော့ မြို့ ထဲ မှာ ပဲ ရေ က စား ကြ တယ် ။ နှစ်ဆန်းတစ်ရက်နေ့ ကျ တော့ ငါ တို့ အိမ် မှာ ဘုန်းကြီး ဆွမ်းကပ် တယ် ။ မင်း လဲ ရန်ကုန် မှာ တော့ အတော် ပဲ ပျော် လိမ့် မယ် လို့ ငါ မျှော်လင့် ပါ တယ် ။ စာ လဲ အတော် ရှည် လာ ပြီ ကွာ ။	G10	Upper Secondary
ပေး စာ	ဖိုး ခင် ညို ရေ ငါ တို့ အိမ် သား တွေ အားလုံး က လဲ မင်း ကို အမှတ် ရ ကြ ပါ တယ် ။ စာမေးပွဲ အောင်မြင် စေ ဖို့ လဲ အားလုံး က ဆုတောင်း မျှော်လင့် ကြ ပါ တယ် ။ ဒါ ပါ ပဲ သူငယ်ချင်း ။	G10	Upper Secondary
ပေး စာ	ရွှင်လန်းချမ်းမြေ့ ပါ စေ ကွာ အစဉ် သတိရ လျက် ထွန်း နောင်	G10	Upper Secondary
နေ့စဉ် မှတ်တမ်း	နေ့စဉ် မှတ်တမ်း ဆို သည် မှာ တစ် နေ့ တာ အဖြစ်အပျက် ၊ အကြောင်းအရာ ကို အဖြစ် မှန် အတိုင်း လက် ရေး လက် သား နှင့် ရေး သား ထား သည့် " စာ ’ ဖြစ် သည် ။	G10	Upper Secondary
နေ့စဉ် မှတ်တမ်း	နေ့စဉ် မှတ်တမ်း ရေး သား နိုင် ရန် အောက် ပါ အလေ့အကျင့် ကောင်း များ လိုအပ် ပါ သည် ။	G10	Upper Secondary
နေ့စဉ် မှတ်တမ်း	( ၁ ) ပထမဆုံး နည်းလမ်း မှာ တိုတိုထွာထွာ အချက် လေး များ ကို မှတ်သား တတ် သည့် အလေ့အကျင့် မှ စ ရ မည် ဖြစ် သည် ။	G10	Upper Secondary
နေ့စဉ် မှတ်တမ်း	( ၂ ) အလေ့အကျင့် ရ ပြီ ဆို လျှင် တစ် နေ့ တာ မှာ တွေ့ကြုံ ခဲ့ ရ သည့် အဓိက အကြောင်းအရာ များ ထဲ မှ အဓိက ကျ သည့် အချက်အလက် များ ကို စာမျက်နှာ ပေါ် ၌ အကြမ်း မှတ်သား သည့် အလေ့အကျင့် သို့ ပြောင်း ကြည့် ရ မည် ဖြစ် သည် ။	G10	Upper Secondary
နေ့စဉ် မှတ်တမ်း	( ၃ ) အကြမ်း မှတ် သည့် အခါ လက် ရေး လက် သား ပီသ ရန် ၊ အကြောင်းအရာ မှန်ကန် ရန် ၊ လို ရင်း ကို တိတိကျကျ ရေး ရန် လို ပါ သည် ။	G10	Upper Secondary
နေ့စဉ် မှတ်တမ်း	( ၄ ) ရေး သည့် အခါ ၌ လည်း မိမိ ၏ တစ် နေ့ တာ အတွေ့အကြုံ များ ထဲ က မှ အဓိက အချက် များ ဖြစ် သည့် " မိမိ ၊ ကျောင်း ၊ အိမ် ၊ ခရီး ၊ နေ ရာ ၊ မိတ်ဆွေ " များ ကို ရေး မှတ် ထား ရ မည် ဖြစ် ပါ သည် ။	G10	Upper Secondary
နေ့စဉ် မှတ်တမ်း	( ၅ ) ထို့နောက် တစ် ချက် နှင့် တစ် ချက် ကြောင်း ကျိုး ဆီလျော် မှု ရှိ အောင် ၊ အချက် တစ် ချက် နှင့် တစ် ချက် အပ်ချည် နှင့် ဖွဲ့သီ ထား သလို အစီအစဉ်တကျ ဖြစ် အောင် ရေး သား ရန် လို ပါ သည် ။	G10	Upper Secondary
နေ့စဉ် မှတ်တမ်း	ပုံစံ ကျ သည့် နေ့စဉ် မှတ်တမ်း တစ် စောင် ကို ရေး သား ရာ တွင်	G10	Upper Secondary
နေ့စဉ် မှတ်တမ်း	( ၁ ) မည် သည့် နေ့ ၌ မည် သည့် အကြောင်းအရာ ဖြစ် ခဲ့ သည် ကို သိ ရှိ ရန် အတွက် အချက်အလက် များ ၏ အပေါ် ဘက် ညာ ဘက် ထောင့် မှာ " နှစ် ၊ လ ၊ ရက် ၊ နေ့ " များ ကို တိတိကျကျ မှတ်တမ်း ထိုး ရ မည် ဖြစ် သည် ။	G10	Upper Secondary
နေ့စဉ် မှတ်တမ်း	( ၂ ) မိမိ ၏ အမြတ်တနိုး တန်ဖိုး ထား အပ် သော နေ့စဉ် မှတ်တမ်း သည် မိတ်ဆွေ တစ် ယောက် နှင့် တူ သည် ဟု မှတ် ထား ရ ပါ မည် ။ ထို့ကြောင့် စာမျက်နှာ ၏ အပေါ် ဘက် ဘယ် ဘက် ထောင့် တွင် " ကျွန်ုပ် ၏ နေ့စဉ် မှတ်တမ်း ၊ ကျွန်ုပ် ၏ တစ် နေ့ တာ အမှတ်တရ များ " စ သည့် အမည် ပေး ရ မည် ဖြစ် ပါ သည် ။	G10	Upper Secondary
နေ့စဉ် မှတ်တမ်း	( ၃ ) မှတ်တမ်း များ ကို ရေး သွင်း သည့် အခါ မိမိ ကိုယ်တိုင် အမှတ်တမဲ့ ကြုံတွေ့ ခံစား ရ သည့် အကြောင်းအရာ အဖြစ်အပျက် လေး များ ကို အခြေခံ သည့် ဝါကျ တို လေး များ နှင့် ရိုးရိုးရှင်းရှင်း ရေး ရ မည် ဖြစ် သည် ။	G10	Upper Secondary
နေ့စဉ် မှတ်တမ်း	( ၄ ) ရေး သည့် အခါ ၌ မိမိ ၏ တစ် နေ့ တာ အတွေ့အကြုံ များ ထဲ က မှ ကောက်နုတ် ထား သည့် အဓိက အချက် များ ကို သာ ဦးတည် ၍ ရေး ရ မည် ဖြစ် သည် ။ သာဓက ပြ ရ မည် ဆို လျှင် " မိမိ အကြောင်း ၊ အိမ် အကြောင်း ၊ ကျောင်း အကြောင်း ၊ သူငယ်ချင်း အကြောင်း ၊ သွား ခဲ့ သည့် ခရီး အကြောင်း " စ သည့် အရေးကြီး သည် များ ကို ဦး စား ပေး ၍ ရေး ရ မည် ဖြစ် သည် ။	G10	Upper Secondary
နေ့စဉ် မှတ်တမ်း	( ၅ ) မိမိ အကြောင်း နှင့် ပတ်သက် ၍ မှတ်တမ်း ပြု သည့် အခါ ၌ ယနေ့ ကြုံတွေ့ ရ သည့် အဖြစ်အပျက် အကြောင်းအရာ များ မှ တစ် ဆင့် မိမိ ၏ ခံစား မှု များ ကို ဖော်ပြ နိုင် သည် အထိ ရေး ပြ ရန် လိုအပ် ပါ သည် ။	G10	Upper Secondary
နေ့စဉ် မှတ်တမ်း	( ၆ ) နေ့စဉ် မှတ်တမ်း ရေး သား ရာ တွင် ရှင်းလင်း ပြေပြစ် သည့် အရေး သား ကောင်း ဖြစ် ရန် လို ပါ သည် ။ ထို့ကြောင့် ရေး သည့် အခါ တွင် အဖွဲ့အနွဲ့ များ ၊ အလင်္ကာ များ ၊ ဥပမာ များ နှင့် သွယ်ဝိုက် ၍ ရေး သား ထား သည် များ ကို တတ် နိုင် သမျှ ရှောင် ရ မည် ဖြစ် ပါ သည် ။	G10	Upper Secondary
အခန်း - ၃ စာ အရေးအသား အတတ်ပညာ	စာ ကို ရေး သား ရာ တွင် သဒ္ဒါ အသုံး မှန်ကန် ခြင်း ၊ စာလုံးပေါင်း သတ်ပုံ မှန်ကန် ခြင်း ၊ ဝါကျ အထားအသို မှန်ကန် ခြင်း တို့ သည် အခြေခံ လိုအပ် ချက် များ ဖြစ် ပြီး ပို ၍ အဆင့်မြင့် သည့် စာ အရေးအသား အတတ်ပညာ နည်း နာ များ လည်း ရှိ ပါ သည် ။ ထို နည်း နာ များ အနက် အဓိက ကျ သည့် နည်း နာ များ မှာ သဒ္ဒါ လင်္ကာ ရ မြောက် အောင် ရေး ဖွဲ့ နည်း ၊ အတ္ထာ လင်္ကာ ရ မြောက် အောင် ရေး ဖွဲ့ နည်း နှင့် ရ သ မြောက် အောင် ရေး ဖွဲ့ နည်း တို့ ဖြစ် ပါ သည် ။	G10	Upper Secondary
အခန်း - ၃ စာ အရေးအသား အတတ်ပညာ	သဒ္ဒါ လင်္ကာ ရ သည် စကား တန်ဆာဆင် ခြင်း ဖြစ် ပါ သည် ။ အတ္ထာ လင်္ကာ ရ သည် အနက် တန်ဆာဆင် ခြင်း ဖြစ် ပါ သည် ။ သဒ္ဒါ လင်္ကာ မြောက် အောင် ရေး ဖွဲ့ ခြင်း သည် ဂုဏ်မြောက် အောင် ရေး ဖွဲ့ ခြင်း ဖြစ် ပါ သည် ။ အတ္ထာ လင်္ကာ ရ မြောက် အောင် ရေး ဖွဲ့ ခြင်း သည် အလင်္ကာ ဖြင့် အနက် တန်ဆာဆင် ရေး ဖွဲ့ ခြင်း ဖြစ် ပါ သည် ။ ရ သ မြောက် အောင် ရေး ဖွဲ့ ခြင်း သည် ရ သကိုး ပါး အနက် ရ သ တစ် ပါးပါး ကို ဖြစ်စေ ၊ ရ သ အများ ကို ဖြစ်စေ ပေါ်လွင် စေ ပြီး ရ သ အာနိသင် ရ ရှိ အောင် ရေး ဖွဲ့ သော နည်း ဖြစ် ပါ သည် ။ ယခု ဒသမ တန်း သင်ခန်းစာ တွင် သဒ္ဒါ လင်္ကာ ရ မြောက် အောင် ရေး ဖွဲ့ နည်း ကို ထည့်သွင်း ထား ခြင်း မ ရှိ သေး ပါ ။ အနက် တန်ဆာဆင် ခြင်း ဖြစ် သည့် အလင်္ကာ ငါး မျိုး နှင့် ရ သကိုး ပါး တို့ အကြောင်း ကို ထည့်သွင်း ပြဋ္ဌာန်း ထား ပါ သည် ။	G10	Upper Secondary
အခန်း - ၃ စာ အရေးအသား အတတ်ပညာ	အလင်္ကာ နှင့် ရသ တို့ ၏ သဘောသဘာဝ ကို	G10	Upper Secondary
အခန်း - ၃ စာ အရေးအသား အတတ်ပညာ	ရသ သဘော ကို လေ့လာ ရာ တွင် မိမိ ကြုံတွေ့ နေ ရ သည့် လူ့ လောက ကိစ္စ ၊ ဘဝ အဖြစ်အပျက် တို့ ၌ ဝမ်းမြောက် ထိုက် သော အရာ ကို ဝမ်းမြောက် ရ မှန်း သိ လာ အောင် ၊ သနား ထိုက် သော အရာ အတွက် သနား ရ မှန်း သိ လာ အောင် ၊ အား တက် ထိုက် သော အရာ အတွက် အား တက် ရ မှန်း သိ လာ အောင် ၊ ရဲရင့် ထိုက် သော အရာ အတွက် ရဲရင့် ရ မှန်း သိ လာ အောင် ၊ အံ့ဩ ထိုက် သော အရာ အတွက် အံ့ဩ ရ မှန်း သိ လာ အောင် ၊ ချစ် မြတ်နိုး ထိုက် သော အရာ အတွက် ချစ် မြတ်နိုး ရ မှန်း သိ လာ အောင် ၊ စက်ဆုပ် ထိုက် သော အရာ အတွက် စက်ဆုပ် ရ မှန်း သိ လာ အောင် ၊ ချီးကျူး ထိုက် သော အရာ အတွက် ချီးကျူး ရ မှန်း သိ လာ အောင် ၊ ကဲ့ရဲ့ ထိုက် သော အရာ အတွက် ကဲ့ရဲ့ ရ မှန်း သိ လာ အောင် လေ့လာ သင်ယူ သင့် သည် ။ ယင်း သည် ပင် ရ သကိုး ပါး က ပေး သော ရ သ အာနိသင် ဖြစ် သည် ။ ရ သ အာနိသင် ကြောင့် ကျောင်းသား တို့ သည် သူ့ ဘဝ ပတ်ဝန်းကျင် ကို သူ့ ခံစား မှု အသိ ဖြင့် သတိ မူ မိ ၍ အမှား အမှန် ၊ အကောင်းအဆိုး ၊ အကျိုး အပြစ် တို့ ကို သဘောပေါက် လာ နိုင် သည် ။ ထို သို့ သော ရ သ များ ပေါ်ပေါက် အောင် ဖန်တီး ရေး ဖွဲ့ ခြင်း သည် အဆင့်အတန်း မြင့် သော စာ ရေး နည်း အတတ်ပညာ ဖြစ် သည် ။	G10	Upper Secondary
အလင်္ကာ	‘ အလင်္ကာ ’ ကျမ်း များ ၏ အလို အရ စာပေ အဖွဲ့ တစ် ခု သည် အမျိုးသမီး ကလေး တစ် ဦး ၏ ကိုယ်ခန္ဓာ နှင့် တူ ၍ အပြစ် ဒေါသ များ သည် အဆင်း မ လှ ခြင်း ၊ နူနာ စွဲ ခြင်း ၊ အကျင့်ယုတ် ခြင်း စ သော အပြစ် အနာ များ နှင့် တူ သည် ။ အပြစ် ဒေါသ မ လွတ် သော အဖွဲ့ သည် ထို အပြစ် အနာ များ ရှိ သော အမျိုးသမီး နှင့် တူ ပါ သည် ။ အပြစ် ဒေါသ ကင်း သော အဖွဲ့ သည် အပြစ် အနာ ကင်း သော ပင် ကို ချော အမျိုးသမီး နှင့် တူ ပေ သည် ။	G10	Upper Secondary
အလင်္ကာ	စာပေ အဖွဲ့ တစ် ခု သည် ဒေါသ လည်း ကင်း ၊ ဂုဏ် လည်း မြောက် ၊ အတ္ထာ လင်္ကာ ရ များ နှင့် လည်း ပြည့်စုံ လျှင် ပင် ကို က လည်း ချော ၊ လိမ် လည်း လိမ္မာ ၊ အဆင်တန်ဆာ နှင့် လည်း ပြည့်စုံ သော အမျိုးသမီး ကလေး ကဲ့သို့ အလွန် နှစ်သက် ဖွယ် ကောင်း ပြီး ပညာ ရှိ တို့ ၏ စိတ် ကို ယိုဖိတ် တပ်မက် စေ နိုင် သော အစွမ်း ရှိ မည် ဖြစ် ကြောင်း ဥပမာ ဆောင် ထား ပုံ ကို ကြည့် လျှင် သဒ္ဒါ လင်္ကာ ရ ဟု ခေါ် သော စကား တန်ဆာ ၊ အတ္ထာ လင်္ကာ ခေါ် အနက် တန်ဆာ များ ၏ အရေး ပါ ပုံ ကို သိ ရှိ နိုင် ပါ သည် ။	G10	Upper Secondary
အလင်္ကာ	အတ္ထာ လင်္ကာ ရ နည်း နာ များ ကို အလင်္ကာ ကျမ်း များ တွင် အကျယ်တဝင့် ပြ ထား ပါ သည် ။ အချုပ် အား ဖြင့် ဆို ရ လျှင် တိုက်ရိုက် ဖွဲ့ ဆို သော သဘာဝ ဝုတ္တိ အလင်္ကာ နည်း ငါး နည်း နှင့် သွယ်ဝိုက် ဖွဲ့ ဆိ သော ဝင်္ကဝုတ္တိအလင်္ကာ နည်း သုံး ဆယ့်ငါး နည်း ဟူ၍ ရှိ ပါ သည် ။	G10	Upper Secondary
အလင်္ကာ	သွယ်ဝိုက် ဖွဲ့ ဆို သော ဝင်္ကဝုတ္တိအလင်္ကာ နည်း သုံး ဆယ့်ငါး နည်း အနက် အလွန် အသုံး များ သော " ဥပမာ အလင်္ကာ " နည်း နာ များ အကြောင်း ကို စတင် ဆွေးနွေး ပါ မည် ။	G10	Upper Secondary
ဥပမာ အလင်္ကာ	အသုံး တွင် ကျယ် သော အလင်္ကာ ဖြစ် သည် ။	G10	Upper Secondary
ဥပမာ အလင်္ကာ	မည် မျှ အသုံး တွင် ကျယ် သနည်း ဆို လျှင် ဘုရား ရှင် ကိုယ်တော်မြတ် က စ ၍ သာမန် လူ များ အထိ အသုံးပြု သော အလင်္ကာ ဖြစ် သည် ဟု ဆို ချင် ပါ သည် ။ ဘုရား ရှင် သည် သတ္တဝါ ဝေနေယျ ကို တရား ဒေသ နာ များ ဟောကြားတော်မူ ရာ တွင် ထင် လွယ် မြင် လွယ် ဖြစ် အောင် ဥပမာ အလင်္ကာ အမျိုးမျိုး အသုံးပြု ၍ ဟောကြားတော်မူ ခဲ့ သည် ။	G10	Upper Secondary
ဥပမာ အလင်္ကာ	" မ ပြစ်မှား ထိုက် သူ ကို ပြစ်မှား မိ ပါ က ထို မ ကောင်း မှု သည် ပြစ်မှား သူ ထံ သို့ သာ ပြန်လည် ကျ ရောက် တတ် သည် " ဟူသော သဘော ကို " လေ ညာ သို့ လွှင့် သော မြူမှုန် သည် လွှင့် သူ ထံ သို့ သာ ပြန် ရောက် သကဲ့သို့ " ဟု ဘုရား ရှင် က ဥပမာ ပေး တော် မူ ခဲ့ သည် ။	G10	Upper Secondary
ဥပမာ အလင်္ကာ	မည် မျှ ပေါ်လွင် ပါ သနည်း ။	G10	Upper Secondary
ဥပမာ အလင်္ကာ	" မေမေ့ မျက်နှာ သည် လပြည့်ဝန်း ကဲ့သို့ ကြည်လင် လှ ပါ သည် ။ " ဤ ဥပမာ တွင် အဓိက ပြော လို သည့် အကြောင်း သည် မေမေ့ အကြောင်း ဖြစ် သည် ။ ထို အဓိက ပြော လို သော အရာ ကို အ နှိုင်း ခံ ( ဥပမေယျ ) ဟု ခေါ် သည် ။ မေမေ့ ကို ဘာ နှင့် နှိုင်း ပြ သနည်း ။ လပြည့်ဝန်း နှင့် နှိုင်း ပြ သည် ။	G10	Upper Secondary
ဥပမာ အလင်္ကာ	ထို သို့ နှိုင်း ပြ သော အရာ ကို အ နှိုင်း ( ဥပမာ န ) ဟု ခေါ် သည် ။ မေမေ နှင့် လပြည့်ဝန်း သည် ဟု မည် သည့် ဂုဏ် ချင်း တူ သနည်း ။ ကြည်လင် သော ဂုဏ် ချင်း တူ သည် ။	G10	Upper Secondary
ဥပမာ အလင်္ကာ	ထို " ကြည်လင် ခြင်း " ကို တူ သော ဂုဏ် ဟု ခေါ် သည် ။	G10	Upper Secondary
ဥပမာ အလင်္ကာ	မေမေ နှင့် လပြည့်ဝန်း တူ ကြောင်း မည် သည့် စကား က ပြ သနည်း ။ " ကဲ့သို့ " ဟူသော စကား က ပြ သည် ။ ထို စကား ကို အ နှိုင်း ပြ စကား ( ဥပမာ ဇော တ က ) ဟု ခေါ် သည် ။ " ကဲ့သို့ " သာ မ က " နှယ် ၊ သဖွယ် ၊ လို ၊ တူ ၊ အလားသဏ္ဌာန် " စ သည့် အ နှိုင်း ပြ စကား အမျိုးမျိုး ရှိ သေး သည် ။	G10	Upper Secondary
ဥပမာ အလင်္ကာ	ကဗျာ မှာ ဖြစ်စေ ၊ စကားပြေ မှာ ဖြစ်စေ တွေ့ ရ သော ဥပမာ အလင်္ကာ များ ကို သဘောပေါက် နားလည် ပြီး နောက် ထို ဥပမာ အလင်္ကာ သည် သက်ဆိုင်ရာ ကဗျာ ၊ စကားပြေ တို့ ကို မည် သို့ မည် ပုံ အထောက်အကူပြု ကြောင်း ၊ မည် သို့ မည် ပုံ အား ဖြည့် ပေး ကြောင်း ကို ဆက်စပ် ကြည့် သင့် ပါ သေး သည် ။ သို့ မှ သာ ထို အလင်္ကာ ၏ ဂုဏ် သည် ထင်ရှား လာ ပါ လိမ့် မည် ဖြစ် သည် ။	G10	Upper Secondary
ရူပက အလင်္ကာ	ဥပမာ အလင်္ကာ နည်း တူ အသုံး တွင် ကျ ယ သော အလင်္ကာ တစ် မျိုး မှာ ကား ရူပက အလင်္ကာ ဖြစ် သည် ။ စင်စစ် ရူပက အလင်္ကာ သည် ဥပမာ အလင်္ကာ နှင့် အခြေခံ သဘော ချင်း တူ သည် ။ ရူပက အလင်္ကာ တွင် လည်း ဥပမာ အလင်္ကာ ကဲ့သို့ ပင် အဓိက ဖော်ပြ လို သော အ နှိုင်း ခံ ( ဥပမေယျ ) နှင့် ထို အ နှိုင်း ခံ နှင့် နှိုင်း ပြ သော အ နှိုင်း ( ဥပမာ န ) တို့ ပါ ဝင် သည် ပင် ဖြစ် သည် ။ ထို အ နှိုင်း ခံ နှင့် အ နှိုင်း တို့ တွင် တူ သော ဂုဏ် တစ် ခု ခု ရှိ သည် သာ ဖြစ် သည် ။	G10	Upper Secondary
ရူပက အလင်္ကာ	သို့သော် ဥပမာ အလင်္ကာ မှာ ကဲ့သို့ အ နှိုင်း ခံ နှင့် အ နှိုင်း ကို နှစ် ခု မ ကွဲ စေ ဘဲ တစ် ခု တည်း ၊ တစ် သား တည်း ၊ တစ် ထပ် တည်း ဖြစ် အောင် ဖွဲ့စည်း ခြင်း ကား ရူပက အလင်္ကာ ၏ ထူးခြား ချက် ဖြစ် သည် ။	G10	Upper Secondary
ရူပက အလင်္ကာ	" ပညာ သည် ဆီမီး ကဲ့သို့ တထိန်ထိန် တ ညီး ညီး ထွန်းတောက် ၏ " ဟူသော ဝါကျ သည် ဥပမာ အလင်္ကာ ဝါကျ ဖြစ် သည် ။ ပညာ ( အ နှိုင်း ခံ ) နှင့် ဆီမီး ( အ နှိုင်း ) ထွန်းတောက် ခြင်း ( တူ သော ဂုဏ် ) ဟူသော ဉာဏ် တူ မှု ကို အခြေခံ ပြု ၍ ခိုင်းနှိုင်း ခြင်း ဖြစ် သည် ။ ထို သို့ မ ဆို ဘဲ " ပညာ ဆီမီး သည် တထိန်ထိန် တ ညီး ညီး ထွန်းတောက် ၏ " ဟု ဆို လိုက် သောအခါ " ပညာ " နှင့် " ဆီမီး " သည် ကွဲပြား မ နေ တော့ ဘဲ တစ် သား တည်း ၊ တစ် ထပ် တည်း ဖြစ် သွား သည် ။ ဥပမာ အလင်္ကာ တွင် ပညာ နှင့် ဆီမီး သည် ဂုဏ် ချင်း တူ သော်လည်း ဒြပ်ဝတ္ထု ချင်း မ တူ ။ ရူပက အလင်္ကာ တွင် ကား ပညာ နှင့် ဆီမီး သည် ဂုဏ် ချင်း တူ သွား သည် ။ ဒြပ်ဝတ္ထု ချင်း လည်း တူ သွား သည် ။ ပညာ သည် ဆီမီး ၊ ဆီမီး သည် ပညာ တစ် သား တည်း ဖြစ် သွား သည် ။	G10	Upper Secondary
ရူပက အလင်္ကာ	ဥပမာ အလင်္ကာ တွင် ပညာ နှင့် ဆီမီး သည် တူ သည့် အဆင့် သာ ရှိ သည် ။ ရူပက အလင်္ကာ တွင် မူ ပညာ သည် ပင် ဆီမီး ဖြစ် သွား တော့ သည် ။ ဥပမာ အလင်္ကာ တွင် တူ ကြောင်း သာ ပြ သော်လည်း ရူပက အလင်္ကာ တွင် မူ တကယ် ဖြစ် နေ သကဲ့သို့ ပြ သည် ။ ထို့ကြောင့် ရူပက အလင်္ကာ က ပို ၍ ခွန်အား ရှိ သည် ဟု ဆို ကြ သည် ။	G10	Upper Secondary
ရူပက အလင်္ကာ	ရူပက အလင်္ကာ ကို လေ့လာ ရာ ၌ ရူပက အလင်္ကာ ဟု သိ ရုံ သာ မ က ထို အလင်္ကာ ၏ တန်ဖိုး ၊ ထို အလင်္ကာ ၏ နေ ရာ ကို ပါ ချင့် တွက် သုံးသပ် ရန် လို ပါ သည် ။ ကဗျာ တစ် ပုဒ် စကားပြေ တစ် ပုဒ် တွင် သုံး ထား သော ရူပက အလင်္ကာ တစ် ခု သည် အပို အဆင်တန်ဆာ သက်သက် မျှ မ ဟုတ် ပါ ။ ထို စ ကာ ပြေ ထဲ တွင် တစ် သား တည်း ပါ ဝင် ဖွဲ့ယှက် နေ သော အစိတ်အပိုင်း ဖြစ် ပါ သည် ။ ထို အလင်္ကာ ပါ ဝင် ဖွဲ့ယှက် နေ သည့် အတွက် ထို ကဗျာ ၊ ထို စကားပြေ မည် မျှ အသက် ဝင် သွား ပါ သနည်း ။ မည် မျှ ပေါ်လွင် ထင်ရှား သွား ရ ပါ သနည်း ။ မည် မျှ နှစ်သက် ဖွယ် ဖြစ် သွား ရ ပါ သနည်း ။ အချုပ် ဆို ရ လျှင် ရူပက အလင်္ကာ ကို သက်ဆိုင်ရာ ကဗျာ ၊ စကားပြေ မှ ဆွဲ ထုတ် ပြီး စိစစ် ကြည့် ရုံ သာ မ က သက်ဆိုင်ရာ ကဗျာ ၊ စကားပြေ နှင့် တစ် သား တည်း ဆက်စပ် ကြည့် ရန် လည်း လိုအပ် ပါ သည် ။	G10	Upper Secondary
အတိသယဝုတ္တိ အလင်္ကာ	အလင်္ကာ များ ကို အမျိုးအစား ခွဲ မည် ဆို လျှင် ယေဘုယျ အား ဖြင့် နှစ် မျိုး ခွဲ နိုင် ပါ သည် ။ တိုက်ရိုက် ဖွဲ့ သော အလင်္ကာ နှင့် သွယ်ဝိုက် ဖွဲ့ သော အလင်္ကာ ဟူ၍ ဖြစ် သည် ။ တိုက်ရိုက် ဖွဲ့ သော အလင်္ကာ သည် သဘာဝ အတိုင်း မုချ သဘော ကို ပြ ခြင်း ဖြစ် သည့် အတွက် သဘာဝ ဝုတ္တိ အလင်္ကာ ဟု ခေါ် သည် ။ တိုက်ရိုက် မ ဟုတ် ဘဲ သွယ်ဝိုက် ဖွဲ့ သော အလင်္ကာ ကို ဝင်္ကဝုတ္တိအလင်္ကာ ဟု ခေါ် သည် ။ အလင်္ကာ ကျမ်း များ တွင် ဝင်္ကဝုတ္တိအလင်္ကာ သုံး ဆယ့်ငါး မျိုး ဟူ၍ ခွဲခြား ပြ လေ့ ရှိ သည် ။ ဝင်္ကဝုတ္တိအလင်္ကာ မျိုး ခွဲ များ ထဲ မှ ကျောင်းသား များ သိ ဖို့ လိုအပ် သော အလင်္ကာ တစ် မျိုး မှာ အလွန် အကဲ ဖွဲ့ ဆို သော အလင်္ကာ ဖြစ် သည် ။ အတိသယဝုတ္တိ အလင်္ကာ ဟု ခေါ် ပါ သည် ။	G10	Upper Secondary
အတိသယဝုတ္တိ အလင်္ကာ	ဗုံကြီးသံ တစ် ပုဒ် တွင် ဗုံတီး သည့် ဗုံ တော် သား တစ် ယောက် က ကောက်စိုက်သမ ကလေး တစ် ယောက် ကို " ရွှေ နား တောင်း ကို လ ဗုံ ခေါင်း လောက် ဝတ် စေ မယ် " ဟု ပြော ဟန် ဖွဲ့ ထား သည် ။ ဗုံ ခေါင်း လောက် ကြီး သော နား တောင်း ကြီး ဝတ်ဆင် စေ့ မည် ဟု လွန်လွန်ကဲကဲ ဖွဲ့ ခြင်း ဖြစ် သည် ။ မြန်မာ စကား ပုံ များ ထဲ မှ " မာ လျှင် သံချောင်း ပျော့ လျှင် ဖယောင်း " ဟူသော စကား ပုံ မျိုး သည် အလားတူ ပင် ဖြစ် သည် ။	G10	Upper Secondary
အတိသယဝုတ္တိ အလင်္ကာ	ဖွဲ့စည်းပုံ အရ ဥပမာ အလင်္ကာ ၊ ရူပက အလင်္ကာ များ ဖြစ် ချင် ဖြစ် နေ ပါ စေ ။ လွန်လွန်ကဲကဲ ပြော သည့် သဘော က ထင်ရှား နေ လျှင် အတိသယဝုတ္တိ အလင်္ကာ ဟု ကောက်ယူ သင့် ပါ သည် ။ ဦးပုည က " စက္က ဝါ တင်း တောင်း " ဟု ဖွဲ့ ဖူး ပါ သည် ။ တင်း တောင်း နှင့် စကြဝဠာ ကို ထပ်တူ ပြု ထား ခြင်း ဖြစ် သည် ။ ရူပက အလင်္ကာ သဘော ကို ဆောင် ပါ သည် ။ သို့သော် တင်း တောင်း ကြီးမား ပုံ ကို လွန်လွန်ကဲကဲ ပြော ဆိုလိုရင်း ဖြစ် သည့် အတွက် အတိသယဝုတ္တိ အလင်္ကာ ဟု ပင် ကောက် သင့် ပါ သည် ။	G10	Upper Secondary
ဝင်္ကဝုတ္တိအလင်္ကာ	ဝင်္ကဝုတ္တိအလင်္ကာ ၏ နယ်ပယ် သည် ကျယ်ဝန်း လှ ပါ သည် ။ တိုက်ရိုက် မ ဆို ဘဲ သွယ်ဝိုက် ဆို ပုံ အမျိုးမျိုး ရှိ နိုင် ခြင်း ကြောင့် ဤ သို့ ကျယ်ဝန်း ခြင်း ဖြစ် သည် ။ ဤ နေ ရာ တွင် အရေးကြီး သော အချက် မှာ " သွယ်ဝိုက် ဖွဲ့ ဆို မှု " ပင် ဖြစ် သည် ။ မူလ က သွယ်ဝိုက် သော သဘော ရှိ ခဲ့ သော်လည်း နေ့စဉ် သုံး စကား ထဲ တွင် အသား ကျ အနည်ထိုင် နေ ပြီး သွယ်ဝိုက် သော သဘော မ သက်ရောက် တော့ ဘဲ တိုက်ရိုက် သဘော ဆောင် နေ သော စကား မျိုး ကို ဝင်္ကဝုတ္တိအလင်္ကာ ဟူ၍ ကောက်ယူ မိ လျှင် မ သင့် တော် ဘဲ ရှိ တတ် ပါ သည် ။ " စိတ်ညစ် " ဆို သော စကား သည် ညစ်နွမ်း တတ် သော အကောင်အထည် အရာဝတ္ထု ၏ သဘော ကို အကောင်အထည် မ ရှိ သော စိတ် ဆီ သို့ ပြောင်းရွှေ့ တင် စား ခြင်း ဖြစ် သဖြင့် မူလ က သွယ်ဝိုက် သော သဘော ဆောင် ခဲ့ ပါ လိမ့် မည် ။ သို့သော် ယခု ဆို သော " စိတ်ညစ် " ဟူသော စကား သည် နေ့စဉ် သုံး စကား ၊ တိုက်ရိုက် စကား ဖြစ် နေ ပြီ ဖြစ် သည် ။ ထို စကား မျိုး ကို ဝင်္ကဝုတ္တိအလင်္ကာ ဟု မ ကောက်ယူ သင့် ပါ ။	G10	Upper Secondary
မြည်သံစွဲ အလင်္ကာ	မြည်သံစွဲ အလင်္ကာ မှာ မူ ဝင်္ကဝုတ္တိအလင်္ကာ ၃၅ မျိုး တွင် မ ပါ ဝင် ပါ ။ ပါဠိ ဘာသာ တွင် " အနုကရဏ " သဒ္ဒါ ဟူ၍ ခေါ် ပါ သည် ။ " မိုး အုန်း အုန်း ၊ လေ တ ရွှန်းရွှန်း ၊ ဝုန်းဝုန်း မြေ သို့ လေ " စသည် တို့ ကဲ့သို့ မြည်သံ များ ထည့်သွင်း ဖွဲ့ ဆို သော အဖွဲ့ များ ဖြစ် ပါ သည် ။	G10	Upper Secondary
ရသ	ရသ သည် ပါဠိ စကား ဖြစ် ပြီး အရ သာ ဟု မြန်မာ မှု ပြု ခဲ့ ကြ သည် ။ ယောမင်းကြီး ဦးဖိုးလှိုင် က ထို အရ သာ ၏ သဘော ကို ဖွင့် ဆို ရာ တွင် ပျားရည် ထောပတ် တို့ ကို စား သောအခါ နှစ်သက် သာယာ သကဲ့သို့ စိတ် ထဲ တွင် နှစ်သက် သာယာ သည့် သဘော ဖြစ် ကြောင်း ဥပမာ ပေး ၍ ဖွင့် ဆို ခဲ့ သည် ။ ပျားရည် ထောပတ် စား ရ သောအခါ လျှာ မှာ အရ သာ ပေါ ပြီး နှစ်သက် သာယာ သွား သကဲ့သို့ စာပေ အရေး အဖွဲ့ တစ် ခု ကို ဖတ် လိုက် ရ သောအခါ စိတ် ထဲ မှာ နှစ်သက် သာယာ သွား ခြင်း သည် ရသ ၏ သဘော ပင် ဖြစ် သည် ။ စင်စစ် ရသ ဟူ သည် မှာ နှစ်သက် ခြင်း ပင် ဖြစ် သည် ။	G10	Upper Secondary
ရသ	ရသ စာပေ ဟူ သည် မှာ ရသ ကိုး ပါး ရှိ သည့် အနက် အနည်းဆုံး ရသ တစ် ပါး ပါ သော စာ ဖြစ် သည် ။ ရသ စာပေ သည် စာဖတ် သူ တို့ အား ခံစား မှု ရသ တစ် မျိုး မျိုး ကို ပေး စွမ်း နိုင် သည် ။ စာပေ ရသ ကို ရသ စာပေ များ ၌ သာ ခံစား ရ နိုင် သည် ။ " ဟင်းခွက် တစ် ခွက် တွင် ဆား သည် အဓိက ဖြစ် သကဲ့သို့ ရသ စာပေ တွင် ‘ ရသ ’ သည် အဓိက ဖြစ် သည် ။ ရသ ၉ ပါး တို့ မှာ - ( ၁ ) ချစ် ခင် နှစ်သက် ခြင်း ကို ဖြစ်စေ သည့် သိင်္ဂါရ ရသ ( ၂ ) ရယ်မော ပျော်ရွှင် ခြင်း ကို ဖြစ်စေ သည့် ဟဿ ရ ( ၃ ) သနား ခြင်း ကို ဖြစ်စေ သည့် ကရုဏာ ရသ ( ၄ ) ရက်စက်ကြမ်းကြုတ် ခြင်း ကို ဖြစ်စေ သည့် ရုဒ္ဒ ရသ ( ၅ ) ရဲရင့် တက်ကြွ ခြင်း ကို ဖြစ်စေ သည့် ဝီရရသ ( ၆ ) ထိတ်လန့် ကြောက်ရွံ့ ခြင်း ကို ဖြစ်စေ သည့် ဘယာနက ရသ ( ၇ ) စက်ဆုပ် ရွံရှာ ခြင်း ကို ဖြစ်စေ သည့် ဝိဘစ္ဆရသ(၈ ) အံ့ဩ ခြင်း ကို ဖြစ်စေ သည့် အဗ္ဘုတရသ(၉ ) ငြိမ်းအေး ကြည်နူး ခြင်း ကို ဖြစ်စေ သည့် သန္တရသ တို့ ဖြစ် ပါ သည် ။	G10	Upper Secondary
သိင်္ဂါရ ရသ	စာ ထဲ ပေ ထဲ တွင် မောင် နှင့် မယ် တို့ ၏ ချစ် ခြင်း အကြောင်း ကို ဖွဲ့ ဆို ထား သော အဖွဲ့ တို့ သည် သိင်္ဂါရ ရသ ကို ဖြစ် ပေါ် စေ သည့် ခံစား မှု ကို ပေး စွမ်း နိုင် သော အဖွဲ့ များ ဖြစ် သည် ။ အမိ နှင့် သား ၊ မောင် နှင့် နှမ ၊ ဆရာ နှင့် တပည့် ကဲ့သို့ ၅ ၂၈ သွယ် မေတ္တာ ဘွဲ့ ကို ဖွဲ့ လျှင် ဝစ္ဆလရသ မြောက် သည် ဟူ၍ လည်း ကောင်း ၊ သဘာဝ ပတ်ဝန်းကျင် အလှ ဘွဲ့ များ ကို ဖွဲ့ လျှင် " သန္တရသ ’ မြောက် သည် ဟု လည်း ကောင်း အလင်္ကာ ကျမ်း များ တွင် ဖော်ပြ သည် ။	G10	Upper Secondary
ဟဿ ရသ	ပုံမှန် အပြုအမူ ၊ အပြောအဆို ၊ အတွေ့အကြုံ များ အတိုင်း မ ဟုတ် ဘဲ ပုံမှန် မ ဟုတ် သော အပြုအမူ ၊ အပြောအဆို ၊ အတွေ့အကြုံ များ အကြောင်း ကို စိတ်နှလုံး ရွှင်မြူး ဖွယ် ရေး သား ထား သော အဖွဲ့ တို့ မှာ ဟဿ ရသ ကို ဖြစ် ပေါ် ခံစား စေ သော အဖွဲ့ များ ဖြစ် ပါ သည် ။	G10	Upper Secondary
ကရုဏာ ရသ	အကြောင်းအရာ ၊ အဖြစ်အပျက် တစ် ရပ် ကို စာနာ သနား ဖွယ် ၊ ကြေကွဲ ဝမ်းနည်း ဖွယ် ၊ စိတ်နှလုံး ထိခိုက် ဖွယ် ဖြစ် အောင် ရေး သား ထား သော အဖွဲ့ သည် ကရုဏာ ရသ မြောက် အဖွဲ့ ဖြစ် ပါ သည် ။	G10	Upper Secondary
ဘယာနက ရသ	ထိတ်လန့် ကြောက်ရွံ့ ဖွယ် မြင်ကွင်း ၊ အဖြစ်အပျက် ၊ စိတ် အခြေအနေ စ သည့် အကြောင်းအရာ တို့ ကို အသည်း တထိတ်ထိတ် ၊ ရင် တဖိုဖို ဖြစ် အောင် ၊	G10	Upper Secondary
ဝိဘစ္ဆရသ	စက်ဆုပ် ရွံရှာ ဖွယ် မြင်ကွင်း ၊ စက်ဆုပ် ရွံရှာ ဖွယ် ဇာတ်ဆောင် တို့ ၏ ကိုယ် ၊ နှုတ် ၊ နှလုံး သုံး ပါး သော အမူအရာ များ ၊ ရွံရှာ ဖွယ် ချွဲ ၊ သလိပ် တို့ အကြောင်း ကို ရေး သား ထား သော အဖွဲ့ တို့ လည် ဝိဘစ္ဆ ရသ မြောက် အဖွဲ့ ဖြစ် ပါ သည် ။	G10	Upper Secondary
ရုဒ္ဒ ရသ	ကြမ်းကြုတ် ခက်ထန် စွာ ပြု မူ သော အပြုအမူ များ ၊ အပြောအဆို များ ၊ တိုက်ခိုက် လှုပ်ရှား မှု များ ကို ဖွဲ့ ဆို ထား သော အဖွဲ့ တို့ သည် ရုဒ္ဓ ရသ မြောက် သော အဖွဲ့ များ ဖြစ် သည် ။	G10	Upper Secondary
ဝီရ ရသ	လုံ့လ ဝီရိယ ကို အရင်းခံ ၍ တက်ကြွ စွာ အား ထုတ် ကြိုးပမ်း သော အပြုအမူ ရဲရဲဝံ့ဝံ့ ရင် ဆိုင် ပြု မူ သော အပြုအမူ တို့ ကို ရေး သား ထား သည့် အဖွဲ့ သည် ဝီရရသ မြောက် အဖွဲ့ ဖြစ် သည် ။	G10	Upper Secondary
အဗ္ဘုတ ရသ	သာမန် ဖြစ် ရိုး ဖြစ် စဉ် တို့ ထက် ကျော်လွန် ၍ အလွန်အမင်း အံ့ဩ ဖွယ် ဖြစ် အောင် အဆန်းတကြယ် ရေး သား ထား သော အဖွဲ့ တို့ သည် အဗ္ဘုတရသ မြောက် အဖွဲ့ များ ဖြစ် သည် ။	G10	Upper Secondary
သန္တ ရသ	လောကုတ္တရာ နှင့် ဆိုင် သော တည်ငြိမ် အေးချမ်း သည့် အကြောင်းအရာ ၊ အဖြစ်အပျက် နှင့် သဘာဝ ပတ်ဝန်းကျင် ၏ သာယာ လွမ်းမော ဖွယ် မြင်ကွင်း တို့ သည် စိတ် အေး ငြိမ်း သာယာ မှု ကို ပေး စွမ်း သည့် သန္တရသ မြောက် အဖွဲ့ များ ဖြစ် သည် ။	G10	Upper Secondary
သန္တ ရသ	စာပေ အဖွဲ့အနွဲ့ တို့ မှ " ရသ " ကို ကောက်ယူ ရာ တွင် " ဂုဏ် ၊ အလင်္ကာ " တို့ ကို ဖော်ထုတ် သကဲ့သို့ " စကား အသုံးအနှုန်း " ၊ " အနက် အဓိပ္ပာယ် " ၊ " အချက်အလက် " တို့ အပေါ် မူတည် ၍ ကောက်ယူ ၍ မ ရ ဘဲ စာဖတ် သူ တို့ ၏ စိတ် အခြေအနေ ပေါ် မူတည် ၍ သာ ရသ ကို ကောက်ယူ ရ ခြင်း ဖြစ် သည် ။ စာပေ တစ် ရပ် ကို ဖတ်ရှု ခံစား ပြီး နောက် စိတ် ထဲ ၌ နှစ်သက် သာယာ သွား လျှင် ထို အဖွဲ့ ကို ရသ မြောက် အဖွဲ့ ဟု သတ်မှတ် ပါ သည် ။ ‘ ရသ ’ သည် ဖတ်ရှု သူ ၏ စိတ် အခြေအနေ ကို လိုက် ၍ အမျိုးမျိုး ကွဲပြား နိုင် ပါ သည် ။ ထို့ကြောင့် စာပေ အဖွဲ့အနွဲ့ တစ် ရပ် မှ ‘ ရသ ’ မြောက် အဖွဲ့ များ ဖော်ထုတ် လေ့လာ ခြင်း သည် သိမ်မွေ့ ခက်ခဲ သည် ဟု ဆို ချင် ပါ သည် ။	G10	Upper Secondary
လေ့ကျင့် ရန် မေးခွန်း များ	၁ ။ အလင်္ကာ ၅ မျိုး ၏ အမည် ကို ဖော်ပြ ပါ ။	G10	Upper Secondary
လေ့ကျင့် ရန် မေးခွန်း များ	၂ ။ ဥပမာ အလင်္ကာ နှင့် ရူပက အလင်္ကာ တို့ သည် မည် သို့ ကွာခြား သနည်း ။	G10	Upper Secondary
လေ့ကျင့် ရန် မေးခွန်း များ	၃ ။ ဝင်္ကဝုတ္တိအလင်္ကာ နှင့် အတိသယဝုတ္တိ အလင်္ကာ တို့ သည် မည် သို့ ကွာခြား သနည်း ။	G10	Upper Secondary
လေ့ကျင့် ရန် မေးခွန်း များ	၄ ။ အလင်္ကာ ၅ မျိုး ကို အဖတ်အရွတ် သင်ခန်းစာ မှ စကားပြေ ၊ ကဗျာ များ ပါ အရေးအသား များ ဖြင့် သာဓက ပြ ပါ ။	G10	Upper Secondary
လေ့ကျင့် ရန် မေးခွန်း များ	၅ ။ အလင်္ကာ မြောက် သော အရေး အဖွဲ့ များ ကို သင် ၏ ကိုယ်ပိုင် စိတ်ကူး ဉာဏ် ဖြင့် ဖန်တီး ရေး သား ပါ မည် သည့် အလင်္ကာ မြောက် ကြောင်း ကို လည်း ဖော်ပြ ပါ ။	G10	Upper Secondary
လေ့ကျင့် ရန် မေးခွန်း များ	၆ ။ ရသ အမျိုးအစား အရေအတွက် နှင့် အမည် များ ကို ဖော်ပြ ပါ ။	G10	Upper Secondary
လေ့ကျင့် ရန် မေးခွန်း များ	၇ ။ က ဗျာ နှင့် စကားပြေ ကို လေ့လာ ဖတ်ရှု သည့် အခါ မည် သည့် စာ က ရသ ခံစား မှု ကို ပိုမို ဖြစ် ပေါ် စေ သည် ဟု သင် ထင် မြင် ယူဆ ပါ သနည်း ။	G10	Upper Secondary
